1.0000000000000000   0.0000000000000000 
0.9998130101899728   -0.0186986067686139 
0.9992520856747462   -0.0373927214880905 
0.9983173612665102   -0.0560778453481730 
0.9970090618774708   -0.0747494660368421 
0.9953275028569686   -0.0934030510406482 
0.9932730904620070   -0.1120340410065624 
0.9908463224597588   -0.1306378431859565 
0.9880477888601971   -0.1492098249814060 
0.9848781727765933   -0.1677453076171113 
0.9813382514111932   -0.1862395599538471 
0.9774288971629712   -0.2046877924694741 
0.9731510788539479   -0.2230851514261785 
0.9685058630701137   -0.2414267132457305 
0.9634944156125910   -0.2597074791141838 
0.9581180030542279   -0.2779223698375494 
0.9523779943963910   -0.2960662209700755 
0.9462758628202794   -0.3141337782368351 
0.9398131875266689   -0.3321196932723743 
0.9329916556575395   -0.3500185196971607 
0.9258130642926147   -0.3678247095535442 
0.9182793225134031   -0.3855326101228242 
0.9103924535269164   -0.4031364611448674 
0.9021545968407864   -0.4206303924614720 
0.8935680104811019   -0.4380084221043522 
0.8846350732438771   -0.4552644548482176 
0.8753582869706308   -0.4723922812488899 
0.8657402788381969   -0.4893855771857992 
0.8557838036524844   -0.5062379039274518 
0.8454917461355506   -0.5229427087376017 
0.8348671231950002   -0.5394933260388590 
0.8239130861644118   -0.5558829791493480 
0.8126329230031741   -0.5721047826067240 
0.8010300604438659   -0.5881517450924399 
0.7891080660750490   -0.6040167729675697 
0.7768706503471481   -0.6196926744297413 
0.7643216684889165   -0.6351721642988188 
0.7514651223218514   -0.6504478694369331 
0.7383051619598360   -0.6655123348061986 
0.7248460873812402   -0.6803580301650985 
0.7110923498607170   -0.6949773574019622 
0.6970485532479933   -0.7093626585012945 
0.6827194550810585   -0.7235062241358847 
0.6681099675213382   -0.7374003028746690 
0.6532251580986590   -0.7510371109932730 
0.6380702502541030   -0.7644088428709792 
0.6226506236692273   -0.7775076819546254 
0.6069718143705166   -0.7903258122666167 
0.5910395145984506   -0.8028554304308749 
0.5748595724311201   -0.8150887581871726 
0.5584379911529429   -0.8270180553609013 
0.5417809283597245   -0.8386356332519697 
0.5248946947920867   -0.8499338684032379 
0.5077857528900783   -0.8609052167056604 
0.4904607150626992   -0.8715422277941953 
0.4729263416670017   -0.8818375596855875 
0.4551895386924501   -0.8917839936063306 
0.4372573551472664   -0.9013744489565104 
0.4191369801446114   -0.9106019983528908 
0.4008357396875995   -0.9194598826924829 
0.3823610931533399   -0.9279415261760573 
0.3637206294774264   -0.9360405512295447 
0.3449220630415427   -0.9437507932601313 
0.3259732292681353   -0.9510663151830798 
0.3068820799273750   -0.9579814216548957 
0.2876566781629337   -0.9644906729484677 
0.2683051932443647   -0.9705888984062265 
0.2488358950551746   -0.9762712094082199 
0.2292571483268941   -0.9815330117932592 
0.2095774066307034   -0.9863700176730238 
0.1898052061393272   -0.9907782565811267 
0.1699491591730650   -0.9947540859017291 
0.1500179475448927   -0.9982942005252583 
0.1300203157205911   -1.0013956416821548 
0.1099650638107995   -1.0040558049093415 
0.0898610404127605   -1.0062724471082001 
0.0697171353202995   -1.0080436926572716 
0.0495422721212756   -1.0093680385476353 
0.0293454007023265   -1.0102443585138816 
0.0091354896812259   -1.0106719061388103 
-0.0110784812124491   -1.0106503169153680 
-0.0312875287873651   -1.0101796092548243 
-0.0514826740500562   -1.0092601844358329 
-0.0716549498529350   -1.0078928254946320 
-0.0917954085095645   -1.0060786950623166 
-0.1118951293562361   -1.0038193321606728 
-0.1319452262391893   -1.0011166479736375 
-0.1519368549071960   -0.9979729206167085 
-0.1718612202897413   -0.9943907889319105 
-0.1917095836416237   -0.9903732453408228 
-0.2114732695355039   -0.9859236277928838 
-0.2311436726847162   -0.9810456108506005 
-0.2507122645795291   -0.9757431959573474 
-0.2701705999209987   -0.9700207009371743 
-0.2895103228375737   -0.9638827487793563 
-0.3087231728707011   -0.9573342557633873 
-0.3278009907168206   -0.9503804189826131 
-0.3467357237143170   -0.9430267033268203 
-0.3655194310652299   -0.9352788279857573 
-0.3841442887827704   -0.9271427525367877 
-0.4026025943569648   -0.9186246626806993 
-0.4208867711320309   -0.9097309556900505 
-0.4389893723903837   -0.9004682256344140 
-0.4569030851394504   -0.8908432484464326 
-0.4746207335987377   -0.8808629668917812 
-0.4921352823858586   -0.8705344755049633 
-0.5094398394014333   -0.8598650055513202 
-0.5265276584139876   -0.8488619100738237 
-0.5433921413471027   -0.8375326490810784 
-0.5600268402721915   -0.8258847749305837 
-0.5764254591113249   -0.8139259179586946 
-0.5925818550555282   -0.8016637724058994 
-0.6084900397049227   -0.7891060826830606 
-0.6241441799379591   -0.7762606300211325 
-0.6395385985178057   -0.7631352195436484 
-0.6546677744447205   -0.7497376677979583 
-0.6695263430639110   -0.7360757907778320 
-0.6841090959390028   -0.7221573924666672 
-0.6984109805017966   -0.7079902539271495 
-0.7124270994894795   -0.6935821229598609 
-0.7261527101808499   -0.6789407043500133 
-0.7395832234435056   -0.6640736507182553 
-0.7527142026041879   -0.6489885539883322 
-0.7655413621547366   -0.6336929374813269 
-0.7780605663062531   -0.6181942486432791 
-0.7902678274041853   -0.6024998524101688 
-0.8021593042170990   -0.5866170252115731 
-0.8137313001118993   -0.5705529496118029 
-0.8249802611282260   -0.5543147095849266 
-0.8359027739646364   -0.5379092864179097 
-0.8464955638890741   -0.5213435552340219 
-0.8567554925859231   -0.5046242821267842 
-0.8666795559517564   -0.4877581218929956 
-0.8762648818516277   -0.4707516163518045 
-0.8855087278474841   -0.4536111932353801 
-0.8944084789099795   -0.4363431656354592 
-0.9029616451246385   -0.4189537319889339 
-0.9111658594029735   -0.4014489765846616 
-0.9190188752087965   -0.3838348705728184 
-0.9265185643095830   -0.3661172734574067 
-0.9336629145623465   -0.3483019350519034 
-0.9404500277430937   -0.3303944978775429 
-0.9468781174284935   -0.3124004999833190 
-0.9529455069379865   -0.2943253781664842 
-0.9586506273441330   -0.2761744715720910 
-0.9639920155585611   -0.2579530256499540 
-0.9689683125004466   -0.2396661964473322 
-0.9735782613540228   -0.2213190552155735 
-0.9778207059211833   -0.2029165933089811 
-0.9816945890748020   -0.1844637273542039 
-0.9851989513179659   -0.1659653046685245 
-0.9883329294538804   -0.1474261089055259 
-0.9910957553707916   -0.1288508659067241 
-0.9934867549458141   -0.1102442497378881 
-0.9955053470711612   -0.0916108888888953 
-0.9971510428058293   -0.0729553726160991 
-0.9984234446553834   -0.0542822574063117 
-0.9993222459820639   -0.0355960735416165 
-0.9998472305470220   -0.0169013317443243 
-0.9999982721860912   0.0017974701185284 
-0.9997753346200674   0.0204958402916783 
-0.9991784714000779   0.0391892863696259 
-0.9982078259882102   0.0578733085365953 
-0.9968636319731451   0.0765433928289383 
-0.9951462134201506   0.0951950044404868 
-0.9930559853543663   0.1138235810914021 
-0.9905934543759061   0.1324245264811383 
-0.9877592194048845   0.1509932038462228 
-0.9845539725540698   0.1695249296436592 
-0.9809785001264337   0.1880149673808770 
-0.9770336837344682   0.2064585216132701 
-0.9727205015376930   0.2248507321305049 
-0.9680400295943754   0.2431866683529014 
-0.9629934433230408   0.2614613239593208 
-0.9575820190689334   0.2796696117681018 
-0.9518071357701464   0.2978063588926867 
-0.9456702767177115   0.3158663021936468 
-0.9391730314035022   0.3338440840488556 
-0.9323170974493726   0.3517342484635536 
-0.9251042826105139   0.3695312375420066 
-0.9175365068455824   0.3872293883423413 
-0.9096158044457195   0.4048229301359778 
-0.9013443262141605   0.4223059820928307 
-0.8927243416877102   0.4396725514131224 
-0.8837582413909403   0.4569165319262245 
-0.8744485391135793   0.4740317031764317 
-0.8647978742011521   0.4910117300149326 
-0.8548090138485652   0.5078501627164974 
-0.8444848553859629   0.5245404376385209 
-0.8338284285458394   0.5410758784390598 
-0.8228428977000694   0.5574496978693476 
-0.8115315640552263   0.5736550001549745 
-0.7998978677942801   0.5896847839784757 
-0.7879453901525362   0.6055319460744742 
-0.7756778554154683   0.6211892854467473 
-0.7630991328259228   0.6366495082146832 
-0.7502132383880555   0.6519052330944946 
-0.7370243365552712   0.6669489975183263 
-0.7235367417893884   0.6817732643919892 
-0.7097549199782817   0.6963704294895017 
-0.6956834896992946   0.7107328294799228 
-0.6813272233158577   0.7248527505791326 
-0.6666910478949014   0.7387224378162464 
-0.6517800459329028   0.7523341049012842 
-0.6365994558787050   0.7656799446775331 
-0.6211546724416007   0.7787521401387907 
-0.6054512466736152   0.7915428759883577 
-0.5894948858154069   0.8040443507132709 
-0.5732914528957812   0.8162487891438969 
-0.5568469660754300   0.8281484554656225 
-0.5401675977262198   0.8397356666460074 
-0.5232596732381127   0.8510028062374947 
-0.5061296695466325   0.8619423385125458 
-0.4887842133746899   0.8725468228849720 
-0.4712300791835228   0.8828089285682890 
-0.4534741868285321   0.8927214494191323 
-0.4355235989168517   0.9022773189112210 
-0.4173855178646037   0.9114696251829885 
-0.3990672826529544   0.9202916260999653 
-0.3805763652832812   0.9287367642711891 
-0.3619203669329874   0.9367986819574713 
-0.3431070138147580   0.9444712358082491 
-0.3241441527433278   0.9517485113629764 
-0.3050397464151124   0.9586248372526653 
-0.2858018684073431   0.9650947990372353 
-0.2664386979046298   0.9711532526147673 
-0.2469585141621465   0.9767953371396640 
-0.2273696907158768   0.9820164873880333 
-0.2076806893515860   0.9868124455103396 
-0.1879000538453469   0.9911792721135851 
-0.1680364034895892   0.9951133566178562 
-0.1480984264197125   0.9986114268351020 
-0.1280948727573099   1.0016705577214253 
-0.1080345475869890   1.0042881792579395 
-0.0879263037846327   1.0064620834194122 
-0.0677790347157170   1.0081904301943321 
-0.0476016668229798   1.0094717526248340 
-0.0274031521233191   1.0103049608398900 
-0.0071924606342764   1.0106893450604031 
0.0130214272491623   1.0106245775602349 
0.0332295284064545   1.0101107135727259 
0.0534228646509289   1.0091481911378697 
0.0735924703755654   1.0077378298909532 
0.0937294001640120   1.0058808287991290 
0.1138247363459080   1.0035787628579702 
0.1338695964758795   1.0008335787655345 
0.1538551407159783   0.9976475895968413 
0.1737725791018437   0.9940234685067983 
0.1936131786734779   0.9899642414945734 
0.2133682704522339   0.9854732792670633 
0.2330292562464102   0.9805542882434805 
0.2525876152687286   0.9752113007471278 
0.2720349105499328   0.9694486644341073 
0.2913627951337683   0.9632710310120148 
0.3105630180397002   0.9566833443045563 
0.3296274299808682   0.9496908277205259 
0.3485479888259670   0.9422989711876333 
0.3673167647949702   0.9345135176132795 
0.3859259453798607   0.9263404489356054 
0.4043678399828258   0.9177859718288673 
0.4226348842656323   0.9088565031275443 
0.4407196442052134   0.8995586550335174 
0.4586148198517579   0.8898992201701569 
0.4763132487868800   0.8798851565463399 
0.4938079092806811   0.8695235724921617 
0.5110919231477505   0.8588217116265894 
0.5281585583033233   0.8477869379154086 
0.5450012310219715   0.8364267208756873 
0.5616135079022982   0.8247486209805633 
0.5779891075421655   0.8127602753155228 
0.5941219019299623   0.8004693835345195 
0.6100059175583741   0.7878836941612833 
0.6256353362679872   0.7750109912780172 
0.6410044958288686   0.7618590816404762 
0.6561078902690083   0.7484357822550695 
0.6709401699591978   0.7347489084502949 
0.6854961414645271   0.7208062624714023 
0.6997707671732168   0.7066156226238198 
0.7137591647139979   0.6921847329875157 
0.7274566061736467   0.6775212937211537 
0.7408585171266363   0.6626329519716938 
0.7539604754891364   0.6475272934019002 
0.7667582102098262   0.6322118343452209 
0.7792475998101384   0.6166940145945422 
0.7914246707866445   0.6009811908285485 
0.8032855958883584   0.5850806306767486 
0.8148266922817130   0.5689995074217343 
0.8260444196159310   0.5527448953348703 
0.8369353780013925   0.5363237656394232 
0.8474963059134686   0.5197429830931146 
0.8577240780341292   0.5030093031801722 
0.8676157030433863   0.4861293699012848 
0.8771683213724046   0.4691097141482653 
0.8863792029298362   0.4519567526488569 
0.8952457448126215   0.4346767874658437 
0.9037654690121710   0.4172760060335303 
0.9119360201265064   0.3997604817136794 
0.9197551630885588   0.3821361748521653 
0.9272207809204414   0.3644089343168762 
0.9343308725231328   0.3465844994968093 
0.9410835505105758   0.3286685027418055 
0.9474770390968096   0.3106664722219752 
0.9535096720443066   0.2925838351855683 
0.9591798906812720   0.2744259215938132 
0.9644862419952320   0.2561979681110949 
0.9694273768098003   0.2379051224287603 
0.9740020480510655   0.2195524479007978 
0.9782091091096429   0.2011449284696497 
0.9820475123039543   0.1826874738604643 
0.9855163074498976   0.1641849250221759 
0.9886146405416324   0.1456420597938961 
0.9913417525477627   0.1270635987752232 
0.9936969783267899   0.1084542113791982 
0.9956797456652736   0.0898185220467704 
0.9972895744417232   0.0711611166017613 
0.9985260759188195   0.0524865487254410 
0.9993889521661515   0.0337993465299415 
0.9998779956152332   0.0151040192098299 
0.9999930887481691   -0.0035949362487521 
0.9997342039208968   -0.0222930283219187 
0.9991014033215651   -0.0409857641853304 
0.9980948390641500   -0.0596686429554211 
0.9967147534170417   -0.0783371489550397 
0.9949614791659047   -0.0969867450240123 
0.9928354401096987   -0.1156128658951805 
0.9903371516883640   -0.1342109116565386 
0.9874672217402223   -0.1527762413201844 
0.9842263513867551   -0.1713041665188986 
0.9806153360420103   -0.1897899453512862 
0.9766350665434317   -0.2082287763965399 
0.9722865304005329   -0.2266157929200124 
0.9675708131573653   -0.2449460572909194 
0.9624890998643356   -0.2632145556336125 
0.9570426766544828   -0.2814161927339798 
0.9512329324188964   -0.2995457872226187 
0.9450613605755182   -0.3175980670564980 
0.9385295609251504   -0.3355676653208585 
0.9316392415880383   -0.3534491163730967 
0.9243922210139760   -0.3712368523503166 
0.9167904300584441   -0.3889252000621333 
0.9088359141168602   -0.4065083782901147 
0.9005308353085977   -0.4239804955150160 
0.8918774747020105   -0.4413355480926034 
0.8828782345712809   -0.4585674188984500 
0.8735356406755200   -0.4756698764615390 
0.8638523445501437   -0.4926365746058824 
0.8538311258001857   -0.5094610526185903 
0.8434748943848354   -0.5261367359619424 
0.8327866928821543   -0.5426569375459942 
0.8217696987226073   -0.5590148595770794 
0.8104272263797504   -0.5752035959962732 
0.7987627295061354   -0.5912161355204062 
0.7867798030022826   -0.6070453652966092 
0.7744821850063457   -0.6226840751795879 
0.7618737587919422   -0.6381249626388958 
0.7489585545614937   -0.6533606383013688 
0.7357407511223417   -0.6683836321316240 
0.7222246774328639   -0.6831864002511293 
0.7084148140058373   -0.6977613323937649 
0.6943157941563667   -0.7121007599930937 
0.6799324050818084   -0.7261969648937187 
0.6652695887613149   -0.7400421886761234 
0.6503324426628555   -0.7536286425813179 
0.6351262202458879   -0.7669485180184087 
0.6196563312482084   -0.7799939976349806 
0.6039283417459674   -0.7927572669268169 
0.5879479739763085   -0.8052305263601434 
0.5717211059126943   -0.8174060039761794 
0.5552537705835914   -0.8292759684444017 
0.5385521551259060   -0.8408327425275909 
0.5216225995653391   -0.8520687169184166 
0.5044715953166502   -0.8629763644041375 
0.4871057833977308   -0.8735482543129023 
0.4695319523523449   -0.8837770671921882 
0.4517570358774171   -0.8936556096671783 
0.4337881101518015   -0.9031768294243059 
0.4156323908646078   -0.9123338302629003 
0.3972972299423000   -0.9211198871558084 
0.3787901119750013   -0.9295284612581314 
0.3601186503436601   -0.9375532148017832 
0.3412905830509953   -0.9451880258124924 
0.3223137682604099   -0.9524270025851734 
0.3031961795483499   -0.9592644978532534 
0.2839459008768735   -0.9656951225876291 
0.2645711212944785   -0.9717137593614410 
0.2450801293744999   -0.9773155752177529 
0.2254813074016386   -0.9824960339786030 
0.2057831253183970   -0.9872509079356838 
0.1859941344443649   -0.9915762888651204 
0.1661229609824282   -0.9954685983114685 
0.1461782993270410   -0.9989245970891057 
0.1261689051907011   -1.0019413939526454 
0.1061035885657036   -1.0045164533918116 
0.0859912065390899   -1.0066476025104076 
0.0658406559794812   -1.0083330369534553 
0.0456608661151506   -1.0095713258514285 
0.0254607910232615   -1.0103614157554623 
0.0052494020506691   -1.0107026335426881 
-0.0149643198129512   -1.0105946882762660 
-0.0351713915886367   -1.0100376720101929 
-0.0553628359671736   -1.0090320595346034 
-0.0755296889524506   -1.0075787070629070 
-0.0956630074680274   -1.0056788498677867 
-0.1157538769060122   -1.0033340988786053 
-0.1357934185976468   -1.0005464362583161 
-0.1557727971854161   -0.9973182099832456 
-0.1756832278770158   -0.9936521274543003 
-0.1955159835621323   -0.9895512481730262 
-0.2152624017737069   -0.9850189755206237 
-0.2349138914761601   -0.9800590476823463 
-0.2544619396639399   -0.9746755277637041 
-0.2738981177547294   -0.9688727931485728 
-0.2932140877626752   -0.9626555241525387 
-0.3124016082381021   -0.9560286920276886 
-0.3314525399613263   -0.9489975463774897 
-0.3503588513793684   -0.9415676020424193 
-0.3691126237756068   -0.9337446255185970 
-0.3877060561636594   -0.9255346209728103 
-0.4061314698980655   -0.9169438159180524 
-0.4243813129956185   -0.9079786466139917 
-0.4424481641624948   -0.8986457432566664 
-0.4603247365235998   -0.8889519150211983 
-0.4780038810518253   -0.8789041350204240 
-0.4954785896961516   -0.8685095252410904 
-0.5127419982087530   -0.8577753415176814 
-0.5297873886724412   -0.8467089586020466 
-0.5466081917309284   -0.8353178553848200 
-0.5631979885254849   -0.8236096003222024 
-0.5795505123426133   -0.8115918371190132 
-0.5956596499783513   -0.7992722707160643 
-0.6115194428257367   -0.7866586536269250 
-0.6271240876928592   -0.7737587726659664 
-0.6424679373597117   -0.7605804361063508 
-0.6575455008827925   -0.7471314613033068 
-0.6723514436570988   -0.7334196628146558 
-0.6868805872457466   -0.7194528410471690 
-0.7011279089879816   -0.7052387714539637 
-0.7150885413968417   -0.6907851943047915 
-0.7287577713581050   -0.6760998050477663 
-0.7421310391425198   -0.6611902452778621 
-0.7552039372435789   -0.6460640943243716 
-0.7679722090533047   -0.6307288614664733 
-0.7804317473886886   -0.6151919787831593 
-0.7925785928814975   -0.5994607946409796 
-0.8044089322442272   -0.5835425678204267 
-0.8159190964249547   -0.5674444622792805 
-0.8271055586637982   -0.5511735425489054 
-0.8379649324635774   -0.5347367697573031 
-0.8484939694871423   -0.5181409982707080 
-0.8586895573936323   -0.5013929729436455 
-0.8685487176257266   -0.4844993269656868 
-0.8780686031596857   -0.4674665802915713 
-0.8872464962297064   -0.4503011386400007 
-0.8960798060378103   -0.4330092930451574 
-0.9045660664601483   -0.4155972199439089 
-0.9127029337602536   -0.3980709817807034 
-0.9204881843194161   -0.3804365281113374 
-0.9279197123939608   -0.3626996971860722 
-0.9349955279088080   -0.3448662179919845 
-0.9417137542963090   -0.3269417127339584 
-0.9480726263889114   -0.3089316997333408 
-0.9540704883737919   -0.2908415967229814 
-0.9597057918171809   -0.2726767245171697 
-0.9649770937656529   -0.2544423110348286 
-0.9698830549312321   -0.2361434956542443 
-0.9744224379667265   -0.2177853338775765 
-0.9785941058372694   -0.1993728022834171 
-0.9823970202936095   -0.1809108037457068 
-0.9858302404522664   -0.1624041728974041 
-0.9888929214872243   -0.1438576818174075 
-0.9915843134374227   -0.1252760459193427 
-0.9939037601338585   -0.1066639300209599 
-0.9958506982497111   -0.0880259545730159 
-0.9974246564764615   -0.0693667020266414 
-0.9986252548285729   -0.0506907233183181 
-0.9994522040788678   -0.0320025444517024 
-0.9999053053263476   -0.0133066731556260 
-0.9999844496977501   0.0053923944023145 
-0.9996896181837753   0.0240901668671079 
-0.9990208816104551   0.0427821509331080 
-0.9979784007457682   0.0614638445867178 
-0.9965624265411680   0.0801307303754575 
-0.9947733005072968   0.0987782687239266 
-0.9926114552227387   0.1174018913172211 
-0.9900774149742609   0.1359969945724374 
-0.9871717965265666   0.1545589332189841 
-0.9838953100191843   0.1730830140085323 
-0.9802487599876856   0.1915644895755430 
-0.9762330465060095   0.2099985524694507 
-0.9718491664462544   0.2283803293796985 
-0.9670982148518604   0.2467048755749585 
-0.9619813864196838   0.2649671695779925 
-0.9564999770860435   0.2831621080977132 
-0.9506553857113732   0.3012845012401078 
-0.9444491158576804   0.3193290680197355 
-0.9378827776525953   0.3372904321935582 
-0.9309580897333330   0.3551631184388402 
-0.9236768812634789   0.3729415488967985 
-0.9160410940150652   0.3906200401035657 
-0.9080527845079729   0.4081928003298428 
-0.8997141261982803   0.4256539273503538 
-0.8910274117067508   0.4429974066638732 
-0.8819950550782433   0.4602171101841536 
-0.8726195940624309   0.4773067954215425 
-0.8629036924058205   0.4942601051744139 
-0.8528501421446897   0.5110705677487849 
-0.8424618658882074   0.5277315977235678 
-0.8317419190806474   0.5442364972778839 
-0.8206934922313194   0.5605784580956912 
-0.8093199131005046   0.5767505638616411 
-0.7976246488294647   0.5927457933606196 
-0.7856113080023275   0.6085570241917809 
-0.7732836426274712   0.6241770371060974 
-0.7606455500258664   0.6395985209744998 
-0.7477010746136979   0.6548140783915511 
-0.7344544095665394   0.6698162319173524 
-0.7209098983523023   0.6845974309579219 
-0.7070720361202093   0.6991500592817339 
-0.6929454709331120   0.7134664431673551 
-0.6785350048306157   0.7275388601742828 
-0.6638455947106360   0.7413595485260874 
-0.6488823530172878   0.7549207170918698 
-0.6336505482233010   0.7682145559488659 
-0.6181556050955409   0.7812332475057392 
-0.6024031047326491   0.7939689781627917 
-0.5863987843643387   0.8064139504819289 
-0.5701485369024412   0.8185603958358598 
-0.5536584102344556   0.8304005875026012 
-0.5369346062510659   0.8419268541680366 
-0.5199834795998600   0.8531315937959776 
-0.5028115361583322   0.8640072878220034 
-0.4854254312201644   0.8745465156242651 
-0.4678319673897278   0.8847419692215379 
-0.4500380921807881   0.8945864681460403 
-0.4320508953164632   0.9040729744360454 
-0.4138776057286079   0.9131946076909816 
-0.3955255882559613   0.9219446601297405 
-0.3770023400416054   0.9303166115911626 
-0.3583154866315091   0.9383041444142943 
-0.3394727777772014   0.9459011581349588 
-0.3204820829468795   0.9531017839345050 
-0.3013513865505602   0.9599003987763221 
-0.2820887828861580   0.9662916391658256 
-0.2627024708146607   0.9722704144701600 
-0.2432007481738395   0.9778319197348274 
-0.2235920059411674   0.9829716479358646 
-0.2038847221578405   0.9876854016080102 
-0.1840874556269509   0.9919693037915758 
-0.1642088393999977   0.9958198082434141 
-0.1442575740669648   0.9992337088604805 
-0.1242424208662084   1.0022081482679537 
-0.1041721946313065   1.0047406255277598 
-0.0840557565928711   1.0068290029275211 
-0.0639020070540750   1.0084715118145049 
-0.0437198779593121   1.0096667574439007 
-0.0235183253759631   1.0104137228158594 
-0.0033063219097092   1.0107117714809362 
0.0169071509258192   1.0105606492990300 
0.0371131103640248   1.0099604851424384 
0.0573025800437916   1.0089117905393026 
0.0774665976502177   1.0074154582593056 
0.0975962225165416   1.0054727598491990 
0.1176825431663836   1.0030853421312509 
0.1377166847757341   1.0002552226832060 
0.1576898165345524   0.9969847843236443 
0.1775931588883631   0.9932767686317667 
0.1974179906408725   0.9891342685355008 
0.2171556558993459   0.9845607200064594 
0.2367975708453077   0.9795598929045718 
0.2563352303140164   0.9741358810191840 
0.2757602141671449   0.9682930913570595 
0.2950641934441336   0.9620362327308962 
0.3142389362787871   0.9553703037048292 
0.3332763135688388   0.9483005799557721 
0.3521683043874101   0.9408326011114330 
0.3709070011265097   0.9329721571273789 
0.3894846143639972   0.9247252742666371 
0.4078934774466971   0.9160982007459914 
0.4261260507836417   0.9070973921134017 
0.4441749258447120   0.8977294964208127 
0.4620328288612174   0.8880013392560672 
0.4796926242262305   0.8779199086967264 
0.4971473175937314   0.8674923402473034 
0.5143900586768312   0.8567259018198007 
0.5314141437465224   0.8456279788155362 
0.5482130178335497   0.8342060593640156 
0.5647802766370698   0.8224677197721793 
0.5811096681448297   0.8104206102346670 
0.5971950939705554   0.7980724408528707 
0.6130306104151889   0.7854309680075370 
0.6286104292594643   0.7725039811265165 
0.6439289182961062   0.7592992898859957 
0.6589806016106855   0.7458247118802356 
0.6737601596208231   0.7320880607914535 
0.6882624288840300   0.7180971350881075 
0.7024824016850041   0.7038597072764697 
0.7164152254136782   0.6893835137270067 
0.7300562017456959   0.6746762450938212 
0.7434007856373340   0.6597455373421651 
0.7564445841471613   0.6445989633959242 
0.7691833550969172   0.6292440254139388 
0.7816130055842645   0.6136881477011330 
0.7937295903601340   0.5979386702576539 
0.8055293100834457   0.5820028429665925 
0.8170085094659527   0.5658878204183837 
0.8281636753199035   0.5496006573676512 
0.8389914345211257   0.5331483048161075 
0.8494885518999421   0.5165376067130997 
0.8596519280722078   0.4997752972635662 
0.8694785972224719   0.4828679988314650 
0.8789657248510540   0.4658222204252228 
0.8881106054965262   0.4486443567503694 
0.8969106604447915   0.4313406878133052 
0.9053634354356028   0.4139173790590636 
0.9134665983770252   0.3963804820249915 
0.9212179370779799   0.3787359354914521 
0.9286153570086070   0.3609895671099670 
0.9356568790977955   0.3431470954886321 
0.9423406375768265   0.3252141327141749 
0.9486648778776496   0.3071961872896403 
0.9546279545938855   0.2890986674664044 
0.9602283295122407   0.2709268849490097 
0.9654645697215634   0.2526860589511712 
0.9703353458063501   0.2343813205812297 
0.9748394301310760   0.2160177175352946 
0.9789756952212799   0.1976002190763470 
0.9827431122469160   0.1791337212776198 
0.9861407496130321   0.1606230525086594 
0.9891677716624163   0.1420729791425795 
0.9918234374944281   0.1234882114631302 
0.9941070999037809   0.1048734097503420 
0.9960182044426587   0.0862331905236294 
0.9975562886090885   0.0675721329213688 
0.9987209811640942   0.0488947851960850 
0.9995120015797420   0.0302056713044946 
0.9999291596197586   0.0115092975717427 
0.9999723550540054   -0.0071898405907462 
0.9996415775076765   -0.0258872519343279 
0.9989369064456743   -0.0445784426095968 
0.9978585112922115   -0.0632589094107155 
0.9964066516852768   -0.0819241330480995 
0.9945816778651942   -0.1005695714699691 
0.9923840311960891   -0.1191906532533358 
0.9898142448186686   -0.1377827710850642 
0.9868729444323081   -0.1563412753537387 
0.9835608492040203   -0.1748614678731751 
0.9798787728014589   -0.1933385957585325 
0.9758276245467021   -0.2117678454761104 
0.9714084106871248   -0.2301443370880438 
0.9666222357792528   -0.2484631187132418 
0.9614703041810518   -0.2667191612260310 
0.9559539216476920   -0.2849073532140830 
0.9500744970253782   -0.3030224962172829 
0.9438335440374129   -0.3210593002692694 
0.9372326831562209   -0.3390123797633919 
0.9302736435546290   -0.3568762496648307 
0.9229582651292594   -0.3746453220905404 
0.9152885005884688   -0.3923139032785748 
0.9072664175968301   -0.4098761909681412 
0.8988942009677228   -0.4273262722114700 
0.8901741548952053   -0.4446581216382329 
0.8811087052158932   -0.4618656001927869 
0.8717004016912092   -0.4789424543639764 
0.8619519202999454   -0.4958823159265556 
0.8518660655307270   -0.5126787022125064 
0.8414457726636130   -0.5293250169296254 
0.8306941100297066   -0.5458145515436894 
0.8196142812373657   -0.5621404872393301 
0.8082096273532894   -0.5782958974734086 
0.7964836290265085   -0.5942737511331746 
0.7844399085430771   -0.6100669163098813 
0.7720822317990585   -0.6256681646966710 
0.7594145101792538   -0.6410701766176232 
0.7464408023289976   -0.6562655466927068 
0.7331653158062712   -0.6712467901410811 
0.7195924086013640   -0.6860063497227721 
0.7057265905113386   -0.7005366033161358 
0.6915725243566282   -0.7148298721257955 
0.6771350270272403   -0.7288784295128529 
0.6624190703462191   -0.7426745104362038 
0.6474297817382924   -0.7562103214906575 
0.6321724446919237   -0.7694780515243749 
0.6166524990034005   -0.7824698828148610 
0.6008755407920127   -0.7951780027794054 
0.5848473222758999   -0.8075946161925002 
0.5685737512987395   -0.8197119578793649 
0.5520608905980864   -0.8315223058513511 
0.5353149568068899   -0.8430179948456360 
0.5183423191805195   -0.8541914302283613 
0.5011494980424527   -0.8650351022171725 
0.4837431629427085   -0.8755416003760753 
0.4661301305240781   -0.8857036283326067 
0.4483173620922223   -0.8955140186645977 
0.4303119608867982   -0.9049657479013123 
0.4121211690518960   -0.9140519515814644 
0.3937523643052420   -0.9227659393086420 
0.3752130563068240   -0.9311012097429663 
0.3565108827288461   -0.9390514654664619 
0.3376536050301650   -0.9466106276586008 
0.3186491039396481   -0.9537728505178348 
0.2995053746541781   -0.9605325353647082 
0.2802305217583169   -0.9668843443622761 
0.2608327538739180   -0.9728232137901590 
0.2413203780492449   -0.9783443668095528 
0.2217017938983918   -0.9834433256579801 
0.2019854875030075   -0.9881159232144153 
0.1821800250894917   -0.9923583138777452 
0.1622940464959439   -0.9961669837042314 
0.1423362584442006   -0.9995387597527929 
0.1223154276332915   -1.0024708185904327 
0.1022403736715529   -1.0049606939140319 
0.0821199618654740   -1.0070062832489681 
0.0619630958840991   -1.0086058536895626 
0.0417787103184585   -1.0097580466511924 
0.0215757631560527   -1.0104618816089621 
0.0013632281908684   -1.0107167588031065 
-0.0188499126102571   -1.0105224608967620 
-0.0390546767638716   -1.0098791535772353 
-0.0592420889275735   -1.0087873850975984 
-0.0794031885379273   -1.0072480847610226 
-0.0995290374075564   -1.0052625603559626 
-0.1196107272605570   -1.0028324945558109 
-0.1396393871857043   -0.9999599403021232 
-0.1596061909873583   -0.9966473151958308 
-0.1795023644145148   -0.9928973949259114 
-0.1993191922490873   -0.9887133057699067 
-0.2190480252352396   -0.9840985162052102 
-0.2386802868324058   -0.9790568276743677 
-0.2582074797755495   -0.9735923645515427 
-0.2776211924271822   -0.9677095633609011 
-0.2969131049067161   -0.9614131613008238 
-0.3160749949838297   -0.9547081841306668 
-0.3350987437236855   -0.9475999334791272 
-0.3539763408730361   -0.9400939736352195 
-0.3726998899774969   -0.9321961178843622 
-0.3912616132215216   -0.9239124144531446 
-0.4096538559838927   -0.9152491321269783 
-0.4278690911028319   -0.9062127456050652 
-0.4458999228461200   -0.8968099206569020 
-0.4637390905828890   -0.8870474991439804 
-0.4813794721550290   -0.8769324839693634 
-0.4988140869473741   -0.8664720240165039 
-0.5160360986570575   -0.8556733991370391 
-0.5330388177635973   -0.8445440052453200 
-0.5498157037024012   -0.8330913395752360 
-0.5663603667454791   -0.8213229861523964 
-0.5826665695941718   -0.8092466015320436 
-0.5987282286896970   -0.7968699008501990 
-0.6145394152482192   -0.7842006442324936 
-0.6300943560280248   -0.7712466236019709 
-0.6453874338371582   -0.7580156499238853 
-0.6604131877906190   -0.7445155409221983 
-0.6751663133268667   -0.7307541092990758 
-0.6896416619939847   -0.7167391514853356 
-0.7038342410163678   -0.7024784369463829 
-0.7177392126532622   -0.6879796980648647 
-0.7313518933608801   -0.6732506206179585 
-0.7446677527701304   -0.6582988348640093 
-0.7576824124922736   -0.6431319072501266 
-0.7703916447650164   -0.6277573327493083 
-0.7827913709516894   -0.6121825278328044 
-0.7948776599062510   -0.5964148240806540 
-0.8066467262168933   -0.5804614624307279 
-0.8180949283409941   -0.5643295880641431 
-0.8292187666441075   -0.5480262459225970 
-0.8400148813555665   -0.5315583768510308 
-0.8504800504531199   -0.5149328143570404 
-0.8606111874888455   -0.4981562819766128 
-0.8704053393683350   -0.4812353912341125 
-0.8798596840949138   -0.4641766401829119 
-0.8889715284903554   -0.4469864125117203 
-0.8977383059032438   -0.4296709772004429 
-0.9061575739158064   -0.4122364887083338 
-0.9142270120596835   -0.3946889876762860 
-0.9219444195507255   -0.3770344021242880 
-0.9293077130525292   -0.3592785491244068 
-0.9363149244780212   -0.3414271369290771 
-0.9429641988379882   -0.3234857675340310 
-0.9492537921450338   -0.3054599396548152 
-0.9551820693810283   -0.2873550520955809 
-0.9607475025356776   -0.2691764074886170 
-0.9659486687234055   -0.2509292163829701 
-0.9707842483853240   -0.2326186016604157 
-0.9752530235826103   -0.2142496032570368 
-0.9793538763871943   -0.1958271831686680 
-0.9830857873752095   -0.1773562307185424 
-0.9864478342282413   -0.1588415680655461 
-0.9894391904469664   -0.1402879559316045 
-0.9920591241813513   -0.1217000995268394 
-0.9943069971811612   -0.1030826546512636 
-0.9961822638700826   -0.0844402339519126 
-0.9976844705463764   -0.0657774133144391 
-0.9988132547125287   -0.0470987383683194 
-0.9995683445359702   -0.0284087310849228 
-0.9999495584425164   -0.0097118964477961 
-0.9999568048437559   0.0089872708254140 
-0.9995900819992348   0.0276842795299200 
-0.9988494780138303   0.0463746352101187 
-0.9977351709703419   0.0650538334057569 
-0.9962474291968842   0.0837173529284210 
-0.9943866116682830   0.1023606491888690 
-0.9921531685402365   0.1209791475957777 
-0.9895476418146213   0.1395682370465531 
-0.9865706661338860   0.1581232635309441 
-0.9832229697020740   0.1766395238683113 
-0.9795053753295870   0.1951122595995159 
-0.9754188015983859   0.2135366510545273 
-0.9709642641439133   0.2319078116169759 
-0.9661428770495737   0.2502207822070056 
-0.9609558543491902   0.2684705260039042 
-0.9554045116324396   0.2866519234300907 
-0.9494902677478070   0.3047597674181377 
-0.9432146465971912   0.3227887589825471 
-0.9365792790158490   0.3407335031180408 
-0.9295859047309182   0.3585885050460955 
-0.9222363743913573   0.3763481668313854 
-0.9145326516616696   0.3940067843896609 
-0.9064768153713844   0.4115585449084012 
-0.8980710617118129   0.4289975247012911 
-0.8893177064712148   0.4463176875172162 
-0.8802191872990599   0.4635128833240063 
-0.8707780659897109   0.4805768475866013 
-0.8609970307754332   0.4975032010586264 
-0.8508788986182926   0.5142854501055819 
-0.8404266174901258   0.5309169875769070 
-0.8296432686294436   0.5473910942431423 
-0.8185320687638147   0.5637009408131796 
-0.8070963722859905   0.5798395905452588 
-0.7953396733717666   0.5958000024638587 
-0.7832656080273620   0.6115750351929589 
-0.7708779560538938   0.6271574514143357 
-0.7581806429163762   0.6425399229575638 
-0.7451777415045688   0.6577150365262566 
-0.7318734737729109   0.6726753000627759 
-0.7182722122467797   0.6874131497511731 
-0.7043784813823296   0.7019209576555365 
-0.6901969587672516   0.7161910399881419 
-0.6757324761499420   0.7302156659989452 
-0.6609900202847615   0.7439870674749340 
-0.6459747335813274   0.7574974488347461 
-0.6306919145461015   0.7707389978007514 
-0.6151470180049439   0.7837038966275207 
-0.5993456550957259   0.7963843338622453 
-0.5832935930206481   0.8087725166093152 
-0.5669967545484822   0.8208606832678617 
-0.5504612172576154   0.8326411167077067 
-0.5336932125115070   0.8441061578458221 
-0.5166991241589503   0.8552482195821285 
-0.4994854869523923   0.8660598010503094 
-0.4820589846784789   0.8765335021362515 
-0.4644264479959702   0.8866620382138481 
-0.4465948519772092   0.8964382550451969 
-0.4285713133503984   0.9058551437897348 
-0.4103630874410878   0.9149058560646188 
-0.3919775648124340   0.9235837189967038 
-0.3734222676050166   0.9318822502047936 
-0.3547048455782263   0.9397951726495440 
-0.3358330718565092   0.9473164292873778 
-0.3168148383850275   0.9544401974642143 
-0.2976581511005824   0.9611609029845758 
-0.2783711248249381   0.9674732337918557 
-0.2589619778889609   0.9733721531961455 
-0.2394390264972464   0.9788529125870596 
-0.2198106788441507   0.9839110635705123 
-0.2000854289933432   0.9885424694702724 
-0.1802718505341535   0.9927433161375085 
-0.1603785900291030   0.9965101220142786 
-0.1404143602680521   0.9998397474000901 
-0.1203879333453828   1.0027294028742235 
-0.1003081335775441   1.0051766568304374 
-0.0801838302791072   1.0071794420849269 
-0.0600239304162222   1.0087360615230005 
-0.0398373711570043   1.0098451927547831 
-0.0196331123389268   1.0105058917553367 
0.0005798711262687   1.0107175954699061 
0.0207925968892974   1.0104801233704197 
0.0409960828206252   1.0097936779549557 
0.0611813546671548   1.0086588441875026 
0.0813394536871302   1.0070765878810184 
0.1014614442422021   1.0050482530323781 
0.1215384213258255   1.0025755581234157 
0.1415615180074971   0.9996605914076555 
0.1615219127727884   0.9963058052076305 
0.1814108367396755   0.9925140092527757 
0.2012195807323202   0.9882883630926991 
0.2209395021941941   0.9836323676252112 
0.2405620319232698   0.9785498557827246 
0.2600786806129190   0.9730449824245587 
0.2794810451831375   0.9671222134862028 
0.2987608148877731   0.9607863144397497 
0.3179097771845484   0.9540423381224600 
0.3369198233558287   0.9468956119927147 
0.3557829538692878   0.9393517248745323 
0.3744912834688758   0.9314165132532634 
0.3930370459877368   0.9230960471861173 
0.4114125988760243   0.9143966158917676 
0.4296104274378364   0.9053247130834541 
0.4476231487727810   0.8958870221097792 
0.4654435154189667   0.8860904009667721 
0.4830644186954680   0.8759418672437845 
0.5004788917435609   0.8654485830644548 
0.5176801122672234   0.8546178400822834 
0.5346614049745771   0.8434570445883912 
0.5514162437230680   0.8319737027867757 
0.5679382533722716   0.8201754062898957 
0.5842212113492280   0.8080698178846767 
0.6002590489322029   0.7956646576161571 
0.6160458522596660   0.7829676892329261 
0.6315758630721398   0.7699867070353349 
0.6468434791953573   0.7567295231641854 
0.6618432547738906   0.7432039553642656 
0.6765699002650548   0.7294178152537281 
0.6910182822034940   0.7153788971269160 
0.7051834227473623   0.7010949673148743 
0.7190604990174696   0.6865737541244291 
0.7326448422411407   0.6718229383734623 
0.7459319367128706   0.6568501445367868 
0.7589174185840938   0.6416629325139256 
0.7715970744946057   0.6262687900270969 
0.7839668400582860   0.6106751256548384 
0.7960227982158835   0.5948892625039436 
0.8077611774676199   0.5789184325198098 
0.8191783499983707   0.5627697714328193 
0.8302708297080919   0.5464503143361071 
0.8410352701600691   0.5299669918879102 
0.8514684624593787   0.5133266271297408 
0.8615673330737905   0.4965359329097981 
0.8713289416090892   0.4796015098993771 
0.8807504785505379   0.4625298451885508 
0.8898292629819263   0.4453273114460427 
0.8985627402933218   0.4280001666270139 
0.9069484798883146   0.4105545542114435 
0.9149841729011807   0.3929965039548496 
0.9226676299340285   0.3753319331323205 
0.9299967788235926   0.3575666482561486 
0.9369696624469506   0.3397063472468063 
0.9435844365750187   0.3217566220365479 
0.9498393677822705   0.3037229615845669 
0.9557328314206970   0.2856107552823594 
0.9612633096655963   0.2674252967277566 
0.9664293896403504   0.2491717878459541 
0.9712297616269143   0.2308553433358086 
0.9756632173682932   0.2124809954196420 
0.9797286484688825   0.1940536988748328 
0.9834250448980675   0.1755783363255260 
0.9867514936020811   0.1570597237728837 
0.9897071772286757   0.1385026163424087 
0.9922913729687300   0.1199117142269899 
0.9945034515184991   0.1012916688044543 
0.9963428761657864   0.0826470889085317 
0.9978092020028907   0.0639825472322757 
0.9989020752687752   0.0453025868430949 
0.9996212328224797   0.0266117277886607 
0.9999665017493858   0.0079144737730475 
0.9999377991015390   -0.0107846811174624 
0.9995351317728101   -0.0294812456594263 
0.9987585965092781   -0.0481707247286227 
0.9976083800548002   -0.0668486125482418 
0.9960847594313281   -0.0855103859693700 
0.9941881023531234   -0.1041514978042920 
0.9919188677736086   -0.1227673702331892 
0.9892776065631705   -0.1413533883048907 
0.9862649623158444   -0.1599048935524268 
0.9828816722823605   -0.1784171777442481 
0.9791285684266348   -0.1968854767920861 
0.9750065786023631   -0.2153049648365687 
0.9705167278459423   -0.2336707485318268 
0.9656601397815413   -0.2519778615504607 
0.9604380381336804   -0.2702212593303538 
0.9548517483422814   -0.2883958140849255 
0.9489026992746972   -0.3064963100985007 
0.9425924250288011   -0.3245174393285287 
0.9359225668207800   -0.3424537973364050 
0.9288948749508479   -0.3602998795686242 
0.9215112108396499   -0.3780500780099147 
0.9137735491277036   -0.3956986782298748 
0.9056839798298002   -0.4132398568444152 
0.8972447105358428   -0.4306676794130357 
0.8884580686492211   -0.4479760987925819 
0.8793265036533677   -0.4651589539676724 
0.8698525893967792   -0.4822099693774025 
0.8600390263863834   -0.4991227547572428 
0.8498886440787599   -0.5158908055142546 
0.8394044031583853   -0.5325075036527918 
0.8285893977917209   -0.5489661192667842 
0.8174468578456646   -0.5652598126134994 
0.8059801510585972   -0.5813816367822744 
0.7941927851520068   -0.5973245409702285 
0.7820884098704396   -0.6130813743752583 
0.7696708189373430   -0.6286448907148032 
0.7569439519142263   -0.6440077533768381 
0.7439118959504359   -0.6591625412074330 
0.7305788874107971   -0.6741017549368593 
0.7169493133683498   -0.6888178242437794 
0.7030277129494436   -0.7033031154544146 
0.6888187785185460   -0.7175499398708425 
0.6743273566902630   -0.7315505627196578 
0.6595584491562799   -0.7452972127092277 
0.6445172133151916   -0.7587820921806423 
0.6292089626935238   -0.7719973878342516 
0.6136391671466476   -0.7849352820103789 
