-1.0000000000000000   0.0000000000000000 
-0.9852037210766451   -0.0197067020518774 
-0.9707819026949677   -0.0388519993847212 
-0.9566894600223219   -0.0574703485767687 
-0.9428865059670206   -0.0755922527977108 
-0.9293376483953275   -0.0932447882084090 
-0.9160114005754124   -0.1104520475593827 
-0.9028796839577823   -0.1272355160190906 
-0.8899174067170910   -0.1436143911948815 
-0.8771021048136274   -0.1596058569331028 
-0.8644136349271725   -0.1752253186302680 
-0.8518339106495951   -0.1904866063294611 
-0.8393466749275609   -0.2054021507226228 
-0.8269373030214439   -0.2199831362607246 
-0.8145926312651057   -0.2342396348378203 
-0.8023008077297710   -0.2481807229218989 
-0.7900511615566327   -0.2618145845249683 
-0.7778340882600264   -0.2751486020135091 
-0.7656409487414843   -0.2881894364402013 
-0.7534639801145540   -0.3009430988145330 
-0.7412962167364600   -0.3134150135124290 
-0.7291314200877107   -0.3256100748446705 
-0.7169640163443095   -0.3375326976536542 
-0.7047890406569448   -0.3491868626824300 
-0.6926020872936324   -0.3605761573545636 
-0.6803992649216292   -0.3717038125145692 
-0.6681771564050665   -0.3825727356036387 
-0.6559327825798416   -0.3931855406817567 
-0.6436635695395320   -0.4035445756531685 
-0.6313673190275382   -0.4136519470059834 
-0.6190421815831434   -0.4235095423371689 
-0.6066866321340710   -0.4331190509002732 
-0.5942994477666945   -0.4424819823840210 
-0.5818796874382216   -0.4515996841047373 
-0.5694266734238264   -0.4604733567737659 
-0.5569399743164583   -0.4691040689821572 
-0.5444193894185528   -0.4774927705284680 
-0.5318649343835238   -0.4856403047012167 
-0.5192768279811931   -0.4935474196150300 
-0.5066554798755046   -0.5012147786885944 
-0.4940014793152847   -0.5086429703429335 
-0.4813155846497126   -0.5158325169901070 
-0.4685987135897164   -0.5227838833750094 
-0.4558519341449292   -0.5294974843264157 
-0.4430764561732682   -0.5359736919676286 
-0.4302736234867370   -0.5422128424319704 
-0.4174449064628752   -0.5482152421238286 
-0.4045918951163944   -0.5539811735619279 
-0.3917162925901254   -0.5595109008379282 
-0.3788199090284445   -0.5648046747202335 
-0.3659046557999737   -0.5698627374300704 
-0.3529725400395639   -0.5746853271143254 
-0.3400256594824603   -0.5792726820373655 
-0.3270661975661211   -0.5836250445120177 
-0.3140964187774743   -0.5877426645880406 
-0.3011186642254631   -0.5916258035147907 
-0.2881353474205995   -0.5952747369932865 
-0.2751489502449160   -0.5986897582315478 
-0.2621620190972165   -0.6018711808158776 
-0.2491771611998823   -0.6048193414096729 
-0.2361970410547274   -0.6075346022903508 
-0.2232243770364984   -0.6100173537341136 
-0.2102619381136261   -0.6122680162574372 
-0.1973125406867441   -0.6142870427234695 
-0.1843790455363157   -0.6160749203208351 
-0.1714643548714653   -0.6176321724217506 
-0.1585714094727856   -0.6189593603258133 
-0.1457031859225200   -0.6200570848953115 
-0.1328626939160816   -0.6209259880874656 
-0.1200529736493858   -0.6215667543885828 
-0.1072770932769465   -0.6219801121547375 
-0.0945381464361141   -0.6221668348632414 
-0.0818392498332276   -0.6221277422788521 
-0.0691835408878143   -0.6218637015383882 
-0.0565741754312960   -0.6213756281571330 
-0.0440143254569700   -0.6206644869602033 
-0.0315071769183030   -0.6197312929418001 
-0.0190559275728351   -0.6185771120550881 
-0.0066637848692252   -0.6172030619352419 
0.0056660361248192   -0.6156103125580444 
0.0179303147557833   -0.6138000868362508 
0.0301258267806325   -0.6117736611557995 
0.0422493463278534   -0.6095323658538208 
0.0542976478247996   -0.6070775856402579 
0.0662675078927526   -0.6044107599648332 
0.0781557072109758   -0.6015333833309514 
0.0899590323509160   -0.5984470055580731 
0.1016742775815993   -0.5951532319939948 
0.1132982466471589   -0.5916537236783806 
0.1248277545173414   -0.5879501974588323 
0.1362596291117457   -0.5840444260607168 
0.1475907129984693   -0.5799382381119002 
0.1588178650677606   -0.5756335181234946 
0.1699379621812039   -0.5711322064276558 
0.1809479007969009   -0.5664362990734434 
0.1918445985710531   -0.5615478476816895 
0.2026249959362906   -0.5564689592598016 
0.2132860576570460   -0.5512017959773746 
0.2238247743622209   -0.5457485749034664 
0.2342381640553514   -0.5401115677063499 
0.2445232736024372   -0.5342931003165328 
0.2546771801975612   -0.5282955525538117 
0.2646969928063931   -0.5221213577191004 
0.2745798535876398   -0.5157730021517546 
0.2843229392924689   -0.5092530247530955 
0.2939234626419213   -0.5025640164768164 
0.3033786736822806   -0.4957086197869414 
0.3126858611183660   -0.4886895280839931 
0.3218423536246844   -0.4815094851000136 
0.3308455211343552   -0.4741712842630645 
0.3396927761057149   -0.4666777680318361 
0.3483815747664827   -0.4590318272009709 
0.3569094183353604   -0.4512364001777115 
0.3652738542209228   -0.4432944722304693 
0.3734724771976483   -0.4352090747099036 
0.3815029305589234   -0.4269832842431009 
0.3893629072468519   -0.4186202219014361 
0.3970501509586871   -0.4101230523426909 
0.4045624572296958   -0.4014949829280082 
0.4118976744922707   -0.3927392628142509 
0.4190537051110829   -0.3838591820223427 
0.4260285063940771   -0.3748580704821486 
0.4328200915791062   -0.3657392970544728 
0.4394265307959898   -0.3565062685307350 
0.4458459520037956   -0.3471624286108947 
0.4520765419031267   -0.3377112568601862 
0.4581165468232055   -0.3281562676452330 
0.4639642735835443   -0.3185010090501118 
0.4696180903299882   -0.3087490617729238 
0.4750764273449294   -0.2989040380034538 
0.4803377778314766   -0.2889695802824799 
0.4854006986713832   -0.2789493603433053 
0.4902638111565271   -0.2688470779360843 
0.4949258016937484   -0.2586664596355208 
0.4993854224828489   -0.2484112576325082 
0.5036414921675639   -0.2380852485102911 
0.5076928964593218   -0.2276922320057297 
0.5115385887336105   -0.2172360297562418 
0.5151775905987780   -0.2067204840330114 
0.5186089924370977   -0.1961494564610431 
0.5218319539179335   -0.1855268267266495 
0.5248457044828566   -0.1748564912729621 
0.5276495438025519   -0.1641423619840504 
0.5302428422053874   -0.1533883648582458 
0.5326250410774948   -0.1425984386712580 
0.5347956532342516   -0.1317765336296833 
0.5367542632630297   -0.1209266100154963 
0.5385005278371103   -0.1100526368221254 
0.5400341760006551   -0.0991585903827100 
0.5413550094246443   -0.0882484529911393 
0.5424629026336901   -0.0773262115164734 
0.5433578032036558   -0.0663958560113497 
0.5440397319300038   -0.0554613783149768 
0.5445087829668196   -0.0445267706513202 
0.5447651239364665   -0.0335960242230833 
0.5448089960098158   -0.0226731278020901 
0.5446407139570406   -0.0117620663166723 
0.5442606661689412   -0.0008668194366687 
0.5436693146487970   0.0100086398433598 
0.5428671949747371   0.0208603466220938 
0.5418549162326501   0.0316843455099926 
0.5406331609196457   0.0424766920478012 
0.5392026848180965   0.0532334541244229 
0.5375643168403087   0.0639507133935559 
0.5357189588438631   0.0746245666884911 
0.5336675854176958   0.0852511274344715 
0.5314112436389848   0.0958265270580136 
0.5289510528009272   0.1063469163925937 
0.5262882041115030   0.1168084670801043 
0.5234239603633242   0.1272073729674850 
0.5203596555746861   0.1375398514979396 
0.5170966946019485   0.1478021450961474 
0.5136365527233776   0.1579905225468846 
0.5099807751946023   0.1681012803664706 
0.5061309767758332   0.1781307441664608 
0.5020888412310223   0.1880752700090067 
0.4978561207991332   0.1979312457533095 
0.4934346356377209   0.2076950923925994 
0.4888262732390115   0.2173632653810702 
0.4840329878186996   0.2269322559502113 
0.4790567996776813   0.2363985924139753 
0.4738997945369567   0.2457588414622297 
0.4685641228459451   0.2550096094419427 
0.4630519990644595   0.2641475436255602 
0.4573657009186133   0.2731693334660323 
0.4515075686309251   0.2820717118379600 
0.4454800041249076   0.2908514562643297 
0.4392854702044354   0.2995053901283122 
0.4329264897081941   0.3080303838696158 
0.4264056446395269   0.3164233561648755 
0.4197255752719973   0.3246812750915781 
0.4128889792310090   0.3328011592750244 
0.4058986105518193   0.3407800790178354 
0.3987572787143008   0.3486151574115220 
0.3914678476548165   0.3563035714296378 
0.3840332347555740   0.3638425530020439 
0.3764564098118457   0.3712293900698282 
0.3687403939774397   0.3784614276204170 
0.3608882586888217   0.3855360687024383 
0.3529031245682966   0.3924507754198936 
0.3447881603066628   0.3992030699052072 
0.3365465815257659   0.4057905352707322 
0.3281816496213869   0.4122108165382966 
0.3196966705868979   0.4184616215463866 
0.3110949938181445   0.4245407218345665 
0.3023800109000036   0.4304459535047514 
0.2935551543750844   0.4361752180589495 
0.2846238964950477   0.4417264832131119 
0.2755897479550152   0.4470977836867187 
0.2664562566115654   0.4522872219677642 
0.2572270061847983   0.4572929690527900 
0.2479056149449800   0.4621132651616412 
0.2384957343842666   0.4667464204266231 
0.2290010478740243   0.4711908155557482 
0.2194252693082647   0.4754449024697747 
0.2097721417337203   0.4795072049127432 
0.2000454359670919   0.4833763190357380 
0.1902489492000043   0.4870509139535983 
0.1803865035922143   0.4905297322743276 
0.1704619448536169   0.4938115906009495 
0.1604791408156025   0.4968953800055795 
0.1504419799923237   0.4997800664754808 
0.1403543701324317   0.5024646913308989 
0.1302202367618500   0.5049483716144657 
0.1200435217181546   0.5072303004519879 
0.1098281816771351   0.5093097473844380 
0.0995781866721154   0.5111860586709794 
0.0892975186066137   0.5128586575628704 
0.0789901697609266   0.5143270445481045 
0.0686601412932257   0.5155907975666483 
0.0583114417357557   0.5166495721961678 
0.0479480854867262   0.5175031018081206 
0.0375740912984932   0.5181511976941275 
0.0271934807626257   0.5185937491625324 
0.0168102767924580   0.5188307236050810 
0.0064285021037247   0.5188621665336562 
-0.0039478223061172   0.5186882015870219 
-0.0143146786792781   0.5183090305075378 
-0.0246680540191348   0.5177249330878202 
-0.0350039416112334   0.5169362670873390 
-0.0453183425431930   0.5159434681189519 
-0.0556072672229065   0.5147470495053789 
-0.0658667368944327   0.5133476021056536 
-0.0760927851509781   0.5117457941115819 
-0.0862814594443640   0.5099423708142521 
-0.0964288225903781   0.5079381543406675 
-0.1065309542694084   0.5057340433605678 
-0.1165839525217606   0.5033310127635253 
-0.1265839352370619   0.5007301133064137 
-0.1365270416371533   0.4979324712313608 
-0.1464094337518788   0.4949392878542999 
-0.1562272978871782   0.4917518391242663 
-0.1659768460848957   0.4883714751535697 
-0.1756543175737178   0.4847996197190071 
-0.1852559802106583   0.4810377697342879 
-0.1947781319125087   0.4770874946938454 
-0.2042171020766820   0.4729504360882315 
-0.2135692529908728   0.4686283067913001 
-0.2228309812309694   0.4641228904193901 
-0.2319987190466518   0.4594360406627414 
-0.2410689357341171   0.4545696805893780 
-0.2500381389953785   0.4495258019217099 
-0.2589028762835843   0.4443064642861173 
-0.2676597361338192   0.4389137944357861 
-0.2763053494788413   0.4333499854470792 
-0.2848363909492273   0.4276172958897410 
-0.2932495801573942   0.4217180489712355 
-0.3015416829649791   0.4156546316555381 
-0.3097095127330600   0.4094294937567050 
-0.3177499315547089   0.4030451470075590 
-0.3256598514693758   0.3965041641038360 
-0.3334362356586094   0.3898091777241538 
-0.3410760996226248   0.3829628795261684 
-0.3485765123372374   0.3759680191192922 
-0.3559345973906939   0.3688274030143685 
-0.3631475340999287   0.3615438935506904 
-0.3702125586057938   0.3541204078007794 
-0.3771269649468112   0.3465599164533279 
-0.3838881061110050   0.3388654426747431 
-0.3904933950653841   0.3310400609497126 
-0.3969403057626476   0.3230868959012464 
-0.4032263741247034   0.3150091210906347 
-0.4093491990025865   0.3068099577977899 
-0.4153064431123903   0.2984926737824344 
-0.4210958339468129   0.2900605820266132 
-0.4267151646619493   0.2815170394590125 
-0.4321622949389548   0.2728654456615759 
-0.4374351518202269   0.2641092415589190 
-0.4425317305197528   0.2552519080910422 
-0.4474500952072870   0.2462969648698654 
-0.4521883797660314   0.2372479688200909 
-0.4567447885234964   0.2281085128049317 
-0.4611175969552435   0.2188822242372334 
-0.4653051523612042   0.2095727636765301 
-0.4693058745142984   0.2001838234125775 
-0.4731182562810722   0.1907191260359168 
-0.4767408642140920   0.1811824229960266 
-0.4801723391158477   0.1715774931476194 
-0.4834113965739159   0.1619081412856569 
-0.4864568274671638   0.1521781966696511 
-0.4893074984427632   0.1423915115378290 
-0.4919623523638210   0.1325519596117445 
-0.4944204087274220   0.1226634345919183 
-0.4966807640529050   0.1127298486450992 
-0.4987425922401997   0.1027551308837390 
-0.5006051448980667   0.0927432258382751 
-0.5022677516420926   0.0826980919228238 
-0.5037298203622992   0.0726236998948857 
-0.5049908374602576   0.0625240313096681 
-0.5060503680555782   0.0524030769696354 
-0.5069080561616954   0.0422648353698935 
-0.5075636248308453   0.0321133111400256 
-0.5080168762681704   0.0219525134829900 
-0.5082676919148917   0.0117864546116974 
-0.5083160325004918   0.0016191481838852 
-0.5081619380638721   -0.0085453922640944 
-0.5078055279434666   -0.0187031548839524 
-0.5072470007362961   -0.0288501310819877 
-0.5064866342259580   -0.0389823170848388 
-0.5055247852795721   -0.0490957155038432 
-0.5043618897137033   -0.0591863368973834 
-0.5029984621293002   -0.0692502013306021 
-0.5014350957156964   -0.0792833399318658 
-0.4996724620237455   -0.0892817964453621 
-0.4977113107081509   -0.0992416287792117 
-0.4955524692390912   -0.1091589105484816 
-0.4931968425832320   -0.1190297326124866 
-0.4906454128542399   -0.1288502046057666 
-0.4878992389329211   -0.1386164564621324 
-0.4849594560571225   -0.1483246399311713 
-0.4818272753815422   -0.1579709300866112 
-0.4785039835076119   -0.1675515268259402 
-0.4749909419836222   -0.1770626563606854 
-0.4712895867752768   -0.1865005726967550 
-0.4674014277068723   -0.1958615591042560 
-0.4633280478733111   -0.2051419295761977 
-0.4590711030231693   -0.2143380302754998 
-0.4546323209130504   -0.2234462409697286 
-0.4500135006334703   -0.2324629764529842 
-0.4452165119065240   -0.2413846879543738 
-0.4402432943556093   -0.2502078645325056 
-0.4350958567474765   -0.2589290344554455 
-0.4297762762068973   -0.2675447665655846 
-0.4242866974042560   -0.2760516716288694 
-0.4186293317163676   -0.2844464036678549 
-0.4128064563608502   -0.2927256612780463 
-0.4068204135043824   -0.3008861889270001 
-0.4006736093451910   -0.3089247782356643 
-0.3943685131701183   -0.3168382692414417 
-0.3879076563866399   -0.3246235516424705 
-0.3812936315302012   -0.3322775660226199 
-0.3745290912472624   -0.3397973050567113 
-0.3676167472544403   -0.3471798146954753 
-0.3605593692741592   -0.3544221953297726 
-0.3533597839472141   -0.3615216029336055 
-0.3460208737226813   -0.3684752501854622 
-0.3385455757255963   -0.3752804075675404 
-0.3309368806028511   -0.3819344044424063 
-0.3231978313477545   -0.3884346301066554 
-0.3153315221037168   -0.3947785348211481 
-0.3073410969475257   -0.4009636308174066 
-0.2992297486526921   -0.4069874932797597 
-0.2910007174333449   -0.4128477613028455 
-0.2826572896691698   -0.4185421388240796 
-0.2742027966118925   -0.4240683955307119 
-0.2656406130738129   -0.4294243677411027 
-0.2569741560989038   -0.4346079592598636 
-0.2482068836169990   -0.4396171422065122 
-0.2393422930815947   -0.4444499578173056 
-0.2303839200918061   -0.4491045172199275 
-0.2213353369990168   -0.4535790021807073 
-0.2122001514987703   -0.4578716658240754 
-0.2029820052084609   -0.4619808333239524 
-0.1936845722313799   -0.4659049025667968 
-0.1843115577076868   -0.4696423447860326 
-0.1748666963528765   -0.4731917051676045 
-0.1653537509843182   -0.4765516034264031 
-0.1557765110364472   -0.4797207343533327 
-0.1461387910651986   -0.4826978683327888 
-0.1364444292422715   -0.4854818518303353 
-0.1266972858398199   -0.4880716078503794 
-0.1169012417061687   -0.4904661363636506 
-0.1070601967331598   -0.4926645147043139 
-0.0971780683157326   -0.4946658979365429 
-0.0872587898043494   -0.4964695191904048 
-0.0773063089508801   -0.4980746899669141 
-0.0673245863485597   -0.4994808004121242 
-0.0573175938666384   -0.5006873195601435 
-0.0472893130803444   -0.5016937955449712 
-0.0372437336967822   -0.5024998557810556 
-0.0271848519773910   -0.5031052071125051 
-0.0171166691575885   -0.5035096359308754 
-0.0070431898642285   -0.5037130082614854 
0.0030315794684998   -0.5037152698182131 
0.0131036321841014   -0.5035164460267531 
0.0231689629891050   -0.5031166420163072 
0.0332235695380606   -0.5025160425797106 
0.0432634540175773   -0.5017149121020036 
0.0532846247287689   -0.5007135944574633 
0.0632830976674808   -0.4995125128751378 
0.0732548981016661   -0.4981121697729233 
0.0831960621452862   -0.4965131465602438 
0.0931026383281073   -0.4947161034094091 
0.1029706891607683   -0.4927217789957295 
0.1127962926944977   -0.4905309902064888 
0.1225755440748560   -0.4881446318188813 
0.1323045570888869   -0.4855636761470384 
0.1419794657050587   -0.4827891726582741 
0.1515964256053834   -0.4798222475586981 
0.1611516157091004   -0.4766641033483562 
0.1706412396873206   -0.4733160183460672 
0.1800615274680223   -0.4697793461841405 
0.1894087367308023   -0.4660555152731672 
0.1986791543907822   -0.4621460282370949 
0.2078690980710796   -0.4580524613188041 
0.2169749175632567   -0.4537764637564146 
0.2259929962751594   -0.4493197571305697 
0.2349197526655732   -0.4446841346829485 
0.2437516416651193   -0.4398714606062720 
0.2524851560828237   -0.4348836693060831 
0.2611168279977977   -0.4297227646345885 
0.2696432301354729   -0.4243908190968589 
0.2780609772278395   -0.4188899730297034 
0.2863667273571447   -0.4132224337535383 
0.2945571832825148   -0.4073904746975814 
0.3026290937489642   -0.4013964344987178 
0.3105792547782771   -0.3952427160743911 
0.3184045109412346   -0.3889317856698828 
0.3261017566106836   -0.3824661718803578 
0.3336679371949465   -0.3758484646480595 
0.3411000503510728   -0.3690813142350489 
0.3483951471774498   -0.3621674301718943 
0.3555503333852925   -0.3551095801827271 
0.3625627704485435   -0.3479105890870839 
0.3694296767317228   -0.3405733376789741 
0.3761483285952728   -0.3331007615836128 
0.3827160614779567   -0.3254958500922689 
0.3891302709558752   -0.3177616449756933 
0.3953884137776743   -0.3099012392765952 
0.4014880088755323   -0.3019177760816419 
0.4074266383515160   -0.2938144472734707 
0.4132019484389133   -0.2855944922632070 
0.4188116504381511   -0.2772611967039902 
0.4242535216269264   -0.2688178911860150 
0.4295254061441815   -0.2602679499136092 
0.4346252158475696   -0.2516147893648709 
0.4395509311440647   -0.2428618669343949 
0.4443006017933785   -0.2340126795596288 
0.4488723476838671   -0.2250707623314032 
0.4532643595806086   -0.2160396870891873 
0.4574748998453504   -0.2069230610016290 
0.4615023031280404   -0.1977245251329400 
0.4653449770296568   -0.1884477529956983 
0.4690014027360726   -0.1790964490906423 
0.4724701356226990   -0.1696743474340350 
0.4757498058296590   -0.1601852100731871 
0.4788391188072608   -0.1506328255907247 
0.4817368558315526   -0.1410210075981999 
0.4844418744897430   -0.1313535932196420 
0.4869531091352988   -0.1216344415656525 
0.4892695713125255   -0.1118674321986498 
0.4913903501504652   -0.1020564635898777 
0.4933146127259471   -0.0922054515687872 
0.4950416043956454   -0.0823183277654128 
0.4965706490970050   -0.0723990380463613 
0.4979011496179135   -0.0624515409450354 
0.4990325878350110   -0.0524798060867194 
0.4999645249205323   -0.0424878126091526 
0.5006966015176048   -0.0324795475792192 
0.5012285378839187   -0.0224590044063874 
0.5015601340037199   -0.0124301812535283 
0.5016912696680641   -0.0023970794457482 
0.5016219045233109   0.0076362981221304 
0.5013520780878257   0.0176659485788061 
0.5008819097368797   0.0276878706698172 
0.5002115986557610   0.0376980663503073 
0.4993414237610944   0.0476925423766023 
0.4982717435904167   0.0576673118959643 
0.4970029961600345   0.0676183960338878 
0.4955356987912273   0.0775418254783053 
0.4938704479048552   0.0874336420600700 
0.4920079187844547   0.0972899003290854 
0.4899488653079122   0.1071066691254513 
0.4876941196478193   0.1168800331450011 
0.4852445919406270   0.1266060944986045 
0.4826012699247277   0.1362809742646122 
0.4797652185476055   0.1459008140338237 
0.4767375795422105   0.1554617774463628 
0.4735195709727214   0.1649600517198422 
0.4701124867498770   0.1743918491682134 
0.4665176961160648   0.1837534087106887 
0.4627366431003718   0.1930409973701377 
0.4587708459438103   0.2022509117603561 
0.4546218964949475   0.2113794795616144 
0.4502914595761752   0.2204230609838959 
0.4457812723208713   0.2293780502172403 
0.4410931434817159   0.2382408768686113 
0.4362289527104350   0.2470080073847153 
0.4311906498092537   0.2556759464602025 
0.4259802539543611   0.2642412384306860 
0.4205998528916911   0.2727004686500230 
0.4150516021053364   0.2810502648513067 
0.4093377239589303   0.2892872984910247 
0.4034605068103298   0.2974082860758474 
0.3974223040999598   0.3054099904715126 
0.3912255334131712   0.3132892221932858 
0.3848726755169939   0.3210428406774777 
0.3783662733716574   0.3286677555335120 
0.3717089311172839   0.3361609277760397 
0.3649033130361430   0.3435193710366107 
0.3579521424908920   0.3507401527544116 
0.3508582008392158   0.3578203953455995 
0.3436243263253047   0.3647572773507612 
0.3362534129486017   0.3715480345600339 
0.3287484093102796   0.3781899611154438 
0.3211123174379019   0.3846804105900181 
0.3133481915887310   0.3910167970432358 
0.3054591370321694   0.3971965960523978 
0.2974483088118096   0.4032173457195009 
0.2893189104875915   0.4090766476532136 
0.2810741928585648   0.4147721679255592 
0.2727174526667666   0.4203016380029221 
0.2642520312827285   0.4256628556510066 
0.2556813133731408   0.4308536858133812 
0.2470087255512000   0.4358720614632602 
0.2382377350101792   0.4407159844281773 
0.2293718481407670   0.4453835261872227 
0.2204146091327242   0.4498728286405244 
0.2113695985614173   0.4541821048506604 
0.2022404319597898   0.4583096397557095 
0.1930307583763426   0.4622537908536511 
0.1837442589196989   0.4660129888578398 
0.1743846452903324   0.4695857383232924 
0.1649556583000432   0.4729706182435336 
0.1554610663797766   0.4761662826177633 
0.1459046640763738   0.4791714609881117 
0.1362902705388597   0.4819849589467744 
0.1266217279948673   0.4846056586128175 
0.1169029002178100   0.4870325190784597 
0.1071376709854103   0.4892645768246576 
0.0973299425302027   0.4913009461058188 
0.0874836339826272   0.4931408193034957 
0.0776026798073357   0.4947834672489097 
0.0676910282333359   0.4962282395141805 
0.0577526396785970   0.4974745646721412 
0.0477914851697490   0.4985219505246308 
0.0378115447575052   0.4993699842991766 
0.0278168059284391   0.5000183328139848 
0.0178112620137527   0.5004667426111669 
0.0077989105956692   0.5007150400581527 
-0.0022162480879128   0.5007631314172504 
-0.0122302127398658   0.5006110028833126 
-0.0222389826007441   0.5002587205895053 
-0.0322385590455208   0.4997064305811695 
-0.0422249471795120   0.4989543587577827 
-0.0521941574328530   0.4980028107830455 
-0.0621422071528872   0.4968521719631271 
-0.0720651221938332   0.4955029070931159 
-0.0819589385030947   0.4939555602717369 
-0.0918197037035784   0.4922107546844049 
-0.1016434786713896   0.4902691923547033 
-0.1114263391082729   0.4881316538643833 
-0.1211643771081713   0.4857989980419945 
-0.1308537027172770   0.4832721616202720 
-0.1404904454869507   0.4805521588624130 
-0.1500707560188882   0.4776400811573904 
-0.1595908075019176   0.4745370965844682 
-0.1690467972398122   0.4712444494470859 
-0.1784349481695081   0.4677634597763016 
-0.1877515103691217   0.4640955228039865 
-0.1969927625551599   0.4602421084059841 
-0.2061550135683300   0.4562047605154537 
-0.2152346038473512   0.4519850965066292 
-0.2242279068901791   0.4475848065492436 
-0.2331313307020602   0.4430056529338700 
-0.2419413192298377   0.4382494693684525 
-0.2506543537819317   0.4333181602463027 
-0.2592669544334316   0.4282136998858582 
-0.2677756814157317   0.4229381317425007 
-0.2761771364901617   0.4174935675927492 
-0.2844679643050560   0.4118821866911580 
-0.2926448537357245   0.4061062349002456 
-0.3007045392067860   0.4001680237938121 
-0.3086438019963333   0.3940699297339949 
-0.3164594715214141   0.3878143929224314 
-0.3241484266043081   0.3814039164259124 
-0.3317075967190967   0.3748410651769073 
-0.3391339632180240   0.3681284649493650 
-0.3464245605371625   0.3612688013101953 
-0.3535764773808951   0.3542648185468532 
-0.3605868578847460   0.3471193185714480 
-0.3674529027560899   0.3398351598018212 
-0.3741718703922863   0.3324152560200335 
-0.3807410779757891   0.3248625752087198 
-0.3871579025457955   0.3171801383657752 
-0.3934197820460028   0.3093710182978463 
-0.3995242163480550   0.3014383383931071 
-0.4054687682502707   0.2933852713738113 
-0.4112510644512500   0.2852150380291184 
-0.4168687964979699   0.2769309059286983 
-0.4223197217079956   0.2685361881176289 
-0.4276016640654282   0.2600342417931083 
-0.4327125150902371   0.2514284669635089 
-0.4376502346806264   0.2427223050903086 
-0.4424128519280977   0.2339192377134411 
-0.4469984659048871   0.2250227850606175 
-0.4514052464234522   0.2160365046411682 
-0.4556314347677123   0.2069639898249744 
-0.4596753443957470   0.1978088684070489 
-0.4635353616136714   0.1885748011583464 
-0.4672099462204151   0.1792654803633762 
-0.4706976321231512   0.1698846283452072 
-0.4739970279231251   0.1604359959784480 
-0.4771068174716500   0.1509233611908027 
-0.4800257603960448   0.1413505274537952 
-0.4827526925953066   0.1317213222632692 
-0.4852865267053120   0.1220395956102681 
-0.4876262525333694   0.1123092184429073 
-0.4897709374619417   0.1025340811198536 
-0.4917197268213784   0.0927180918560276 
-0.4934718442315095   0.0828651751611529 
-0.4950265919119624   0.0729792702717739 
-0.4963833509610760   0.0630643295773702 
-0.4975415816033020   0.0531243170411944 
-0.4985008234049926   0.0431632066164679 
-0.4992606954584874   0.0331849806585639 
-0.4998208965344265   0.0231936283338148 
-0.5001812052022251   0.0131931440255782 
-0.5003414799186662   0.0031875257382000 
-0.5003016590845701   -0.0068192265004883 
-0.5000617610695192   -0.0168231122375000 
-0.4996218842046268   -0.0268201321932114 
-0.4989822067433572   -0.0368062898594294 
-0.4981429867904022   -0.0467775930963699 
-0.4971045621986505   -0.0567300557279079 
-0.4958673504342888   -0.0666596991344629 
-0.4944318484100826   -0.0765625538428814 
-0.4927986322869090   -0.0864346611126815 
-0.4909683572436185   -0.0962720745180256 
-0.4889417572153154   -0.1060708615247893 
-0.4867196446001612   -0.1158271050620941 
-0.4843029099348204   -0.1255369050876775 
-0.4816925215386735   -0.1351963801464742 
-0.4788895251269429   -0.1448016689217840 
-0.4758950433928816   -0.1543489317784087 
-0.4727102755591973   -0.1638343522971377 
-0.4693364968988825   -0.1732541387999713 
-0.4657750582256487   -0.1826045258654720 
-0.4620273853541643   -0.1918817758336341 
-0.4580949785303123   -0.2010821802996752 
-0.4539794118316948   -0.2102020615961493 
-0.4496823325386242   -0.2192377742627869 
-0.4452054604758496   -0.2281857065034786 
-0.4405505873252860   -0.2370422816298175 
-0.4357195759100145   -0.2458039594906212 
-0.4307143594498432   -0.2544672378868654 
-0.4255369407887261   -0.2630286539714596 
-0.4201893915943463   -0.2714847856333090 
-0.4146738515301827   -0.2798322528651032 
-0.4089925274003935   -0.2880677191142928 
-0.4031476922678585   -0.2961878926167042 
-0.3971416845457247   -0.3041895277122664 
-0.3909769070628293   -0.3120694261423229 
-0.3846558261033646   -0.3198244383280036 
-0.3781809704211718   -0.3274514646291506 
-0.3715549302290574   -0.3349474565832964 
-0.3647803561635352   -0.3423094181241931 
-0.3578599582254074   -0.3495344067794064 
-0.3507965046966095   -0.3566195348465012 
-0.3435928210337488   -0.3635619705473395 
-0.3362517887387811   -0.3703589391600342 
-0.3287763442072763   -0.3770077241281052 
-0.3211694775547306   -0.3835056681463941 
-0.3134342314213997   -0.3898501742233004 
-0.3055736997561246   -0.3960387067189186 
-0.2975910265796378   -0.4020687923586571 
-0.2894894047278479   -0.4079380212219342 
-0.2812720745755984   -0.4136440477055575 
-0.2729423227414158   -0.4191845914613991 
-0.2645034807737623   -0.4245574383079900 
-0.2559589238193181   -0.4297604411156762 
-0.2473120692738268   -0.4347915206649698 
-0.2385663754160418   -0.4396486664777640 
-0.2297253400253196   -0.4443299376210723 
-0.2207924989834142   -0.4488334634829709 
-0.2117714248610300   -0.4531574445204367 
-0.2026657254896978   -0.4573001529787779 
-0.1934790425195455   -0.4612599335823719 
-0.1842150499635412   -0.4650352041964317 
-0.1748774527287872   -0.4686244564595383 
-0.1654699851354561   -0.4720262563866849 
-0.1559964094239568   -0.4752392449425887 
-0.1464605142509324   -0.4782621385850463 
-0.1368661131746846   -0.4810937297781105 
-0.1272170431306363   -0.4837328874748837 
-0.1175171628974387   -0.4861785575697377 
-0.1077703515543351   -0.4884297633197722 
-0.0979805069304025   -0.4904856057353529 
-0.0881515440462850   -0.4923452639395618 
-0.0782873935490475   -0.4940079954964236 
-0.0683920001407721   -0.4954731367077738 
-0.0584693210015264   -0.4967401028786485 
-0.0485233242073345   -0.4978083885510917 
-0.0385579871437829   -0.4986775677062844 
-0.0285772949158956   -0.4993472939349164 
-0.0185852387549145   -0.4998173005757272 
-0.0085858144226216   -0.5000874008221701 
0.0014169793861585   -0.5001574877971455 
0.0114191426422372   -0.5000275345957806 
0.0214166755812826   -0.4996975942962339 
0.0314055803029428   -0.4991677999385255 
0.0413818623692311   -0.4984383644713926 
0.0513415324015365   -0.4975095806672007 
0.0612806076756190   -0.4963818210049353 
0.0711951137139511   -0.4950555375213287 
0.0810810858747722   -0.4935312616301751 
0.0909345709372164   -0.4918096039099082 
0.1007516286818821   -0.4898912538595285 
0.1105283334662122   -0.4877769796229715 
0.1202607757940510   -0.4854676276820331 
0.1299450638787552   -0.4829641225179701 
0.1395773251992301   -0.4802674662419134 
0.1491537080482709   -0.4773787381942423 
0.1586703830725873   -0.4742990945130747 
0.1681235448038993   -0.4710297676720528 
0.1775094131804885   -0.4675720659876016 
0.1868242350585983   -0.4639273730958638 
0.1960642857130773   -0.4600971473995154 
0.2052258703266667   -0.4560829214846821 
0.2143053254673361   -0.4518863015081959 
0.2232990205530754   -0.4475089665554285 
0.2322033593035586   -0.4429526679689644 
0.2410147811780991   -0.4382192286483787 
0.2497297627993193   -0.4333105423213997 
0.2583448193619662   -0.4282285727867482 
0.2668565060263106   -0.4229753531289571 
0.2752614192955725   -0.4175529849054820 
0.2835561983768171   -0.4119636373064310 
0.2917375265247866   -0.4062095462872476 
0.2998021323681188   -0.4002930136746928 
0.3077467912174315   -0.3942164062464864 
0.3155683263547449   -0.3879821547849734 
0.3232636103037260   -0.3815927531051916 
0.3308295660802488   -0.3750507570577347 
0.3382631684227706   -0.3683587835068039 
0.3455614450020282   -0.3615195092838600 
0.3527214776095742   -0.3545356701172915 
0.3597404033246767   -0.3474100595385302 
0.3666154156591154   -0.3401455277650461 
0.3733437656794156   -0.3327449805606756 
0.3799227631060725   -0.3252113780737316 
0.3863497773893246   -0.3175477336533631 
0.3926222387610482   -0.3097571126446393 
0.3987376392623476   -0.3018426311628341 
0.4046935337464361   -0.2938074548474099 
0.4104875408564012   -0.2856547975961895 
0.4161173439774665   -0.2773879202802286 
0.4215806921633664   -0.2690101294399000 
0.4268754010364653   -0.2605247759627132 
0.4319993536612600   -0.2519352537433917 
0.4369505013909163   -0.2432449983267549 
0.4417268646865012   -0.2344574855339350 
0.4463265339085812   -0.2255762300724865 
0.4507476700808730   -0.2166047841309421 
0.4549885056256397   -0.2075467359583743 
0.4590473450705355   -0.1984057084295338 
0.4629225657266217   -0.1891853575961376 
0.4666126183372772   -0.1798893712248848 
0.4701160276977474   -0.1705214673227868 
0.4734313932450823   -0.1610853926504001 
0.4765573896182269   -0.1515849212235557 
0.4794927671880415   -0.1420238528041867 
0.4822363525570391   -0.1324060113808549 
0.4847870490286380   -0.1227352436395856 
0.4871438370457458   -0.1130154174256215 
0.4893057745984957   -0.1032504201967111 
0.4912719976009730   -0.0934441574685500 
0.4930417202367809   -0.0836005512529961 
0.4946142352733088   -0.0737235384896853 
0.4959889143445734   -0.0638170694716721 
0.4971652082025251   -0.0538851062657270 
0.4981426469367132   -0.0439316211279213 
0.4989208401622253   -0.0339605949151331 
0.4994994771758238   -0.0239760154931099 
0.4998783270802218   -0.0139818761417247 
0.5000572388764383   -0.0039821739580622 
0.5000361415242076   0.0060190917420243 
0.4998150439704099   0.0160179210232478 
0.4993940351455154   0.0260103149304738 
0.4987732839280422   0.0359922770879186 
0.4979530390770436   0.0459598152973196 
0.4969336291326480   0.0559089431344381 
0.4957154622846954   0.0658356815432580 
0.4942990262095205   0.0757360604272403 
0.4926848878749470   0.0856061202369985 
0.4908736933135728   0.0954419135537600 
0.4888661673644362   0.1052395066679794 
0.4866631133831635   0.1149949811524724 
0.4842654129207188   0.1247044354294426 
0.4816740253708818   0.1343639863307721 
0.4788899875865907   0.1439697706509537 
0.4759144134653114   0.1535179466920426 
0.4727484935035920   0.1630046958000111 
0.4693934943209844   0.1724262238918894 
0.4658507581535207   0.1817787629730841 
0.4621217023169497   0.1910585726442658 
0.4582078186399446   0.2002619415972240 
0.4541106728675126   0.2093851890990917 
0.4498319040348407   0.2184246664643439 
0.4453732238118313   0.2273767585139834 
0.4407364158185881   0.2362378850213291 
0.4359233349121251   0.2450045021438282 
0.4309359064445870   0.2536731038403219 
0.4257761254932736   0.2622402232731936 
0.4204460560627787   0.2707024341948442 
0.4149478302595626   0.2790563523179342 
0.4092836474392861   0.2872986366688488 
0.4034557733272504   0.2954259909238428 
0.3974665391122886   0.3034351647273311 
0.3913183405144793   0.3113229549917972 
0.3850136368270476   0.3190862071788022 
0.3785549499328421   0.3267218165605750 
0.3719448632957756   0.3342267294616901 
0.3651860209276405   0.3415979444803254 
0.3582811263307041   0.3488325136886185 
0.3512329414165101   0.3559275438116387 
0.3440442854013211   0.3628801973845020 
0.3367180336786388   0.3696876938871712 
0.3292571166692574   0.3763473108564792 
0.3216645186493059   0.3828563849749395 
0.3139432765567516   0.3892123131359003 
0.3060964787768395   0.3954125534846237 
0.2981272639069557   0.4014546264348658 
0.2900388195014049   0.4073361156605578 
0.2818343807966084   0.4130546690621874 
0.2735172294172307   0.4186079997074960 
0.2650906920637496   0.4239938867461133 
0.2565581391819992   0.4292101762977654 
0.2479229836152143   0.4342547823136994 
0.2391886792391169   0.4391256874109826 
0.2303587195805908   0.4438209436793404 
0.2214366364204944   0.4483386734602073 
0.2124259983811744   0.4526770700976875 
0.2033304094992428   0.4568343986611164 
0.1941535077841871   0.4608089966389369 
0.1848989637633927   0.4645992746036169 
0.1755704790141571   0.4682037168473346 
0.1661717846832849   0.4716208819881825 
0.1567066399948547   0.4748494035466453 
0.1471788307467544   0.4778879904921240 
0.1375921677965856   0.4807354277592835 
0.1279504855375460   0.4833905767340191 
0.1182576403648951   0.4858523757088478 
0.1085175091336191   0.4881198403075425 
0.0987339876079102   0.4901920638788367 
0.0889109889030831   0.4920682178590471 
0.0790524419205487   0.4937475521034611 
0.0691622897764728   0.4952293951863661 
0.0592444882247474   0.4965131546695921 
0.0493030040749073   0.4975983173394667 
0.0393418136056206   0.4984844494120833 
0.0293649009743926   0.4991711967068005 
0.0193762566241153   0.4996582847879069 
0.0093798756871023   0.4999455190743918 
-0.0006202436127547   0.5000327849177763 
-0.0106201015590666   0.4999200476479785 
-0.0206156985426269   0.4996073525871877 
-0.0306030366610505   0.4990948250317495 
-0.0405781213177308   0.4983826702020629 
-0.0505369628194779   0.4974711731605123 
-0.0604755779721958   0.4963606986974659 
-0.0703899916739625   0.4950516911853876 
-0.0802762385048757   0.4935446744011199 
-0.0901303643130272   0.4918402513164080 
-0.0999484277959721   0.4899391038567483 
-0.1097265020770614   0.4878419926286621 
-0.1194606762760051   0.4855497566154969 
-0.1291470570730403   0.4830633128418838 
-0.1387817702660761   0.4803836560069768 
-0.1483609623201959   0.4775118580866313 
-0.1578808019088921   0.4744490679046706 
-0.1673374814464235   0.4711965106734179 
-0.1767272186106756   0.4677554875036763 
-0.1860462578559205   0.4641273748843521 
-0.1952908719148669   0.4603136241319284 
-0.2044573632894029   0.4563157608100137 
-0.2135420657294326   0.4521353841191891 
-0.2225413456992165   0.4477741662574101 
-0.2314516038306293   0.4432338517512061 
-0.2402692763627530   0.4385162567579543 
-0.2489908365672290   0.4336232683395019 
-0.2576127961588023   0.4285568437074307 
-0.2661317066904884   0.4233190094402622 
-0.2745441609328099   0.4179118606729210 
-0.2828467942365477   0.4123375602587731 
-0.2910362858784635   0.4065983379045840 
-0.2991093603894548   0.4006964892787346 
-0.3070627888646109   0.3946343750930543 
-0.3148933902546463   0.3884144201586404 
-0.3225980326381945   0.3820391124160378 
-0.3301736344744535   0.3755110019401697 
-0.3376171658356829   0.3688326999204162 
-0.3449256496190578   0.3620068776162481 
-0.3520961627373963   0.3550362652888346 
-0.3591258372882835   0.3479236511090518 
-0.3660118617011239   0.3406718800423290 
-0.3727514818616646   0.3332838527107788 
-0.3793420022135404   0.3257625242330640 
-0.3857807868363959   0.3181109030424693 
-0.3920652605001590   0.3103320496836474 
-0.3981929096950375   0.3024290755885212 
-0.4041612836368364   0.2944051418318330 
-0.4099679952471826   0.2862634578668374 
-0.4156107221082720   0.2780072802416422 
-0.4210872073917564   0.2696399112967143 
-0.4263952607613972   0.2611646978440694 
-0.4315327592491232   0.2525850298286715 
-0.4364976481041476   0.2439043389725814 
-0.4412879416147982   0.2351260974023958 
-0.4459017239027355   0.2262538162605240 
-0.4503371496892426   0.2172910443008588 
-0.4545924450332742   0.2082413664694029 
-0.4586659080409771   0.1991084024704204 
-0.4625559095463933   0.1898958053186833 
-0.4662608937630732   0.1806072598783955 
-0.4697793789063432   0.1712464813893768 
-0.4731099577859737   0.1618172139810959 
-0.4762512983690115   0.1523232291751496 
-0.4792021443125524   0.1427683243767829 
-0.4819613154662425   0.1331563213560576 
-0.4845277083443024   0.1234910647192737 
-0.4869002965668904   0.1137764203712564 
-0.4890781312706254   0.1040162739691237 
-0.4910603414881058   0.0942145293681529 
-0.4928461344962730   0.0843751070603675 
-0.4944347961334803   0.0745019426064690 
-0.4958256910851380   0.0645989850617403 
-0.4970182631378240   0.0546701953965527 
-0.4980120354017573   0.0447195449121041 
-0.4988066105015429   0.0347510136520258 
-0.4994016707351140   0.0247685888104912 
-0.4997969782008073   0.0147762631374641 
-0.4999923748925209   0.0047780333417237 
-0.4999877827629176   -0.0052221015076944 
-0.4997832037546450   -0.0152201415810026 
-0.4993787197995631   -0.0252120878874695 
-0.4987744927859787   -0.0351939438748948 
-0.4979707644938989   -0.0451617170281085 
-0.4969678564983315   -0.0551114204658570 
-0.4957661700406701   -0.0650390745354355 
-0.4943661858682113   -0.0749407084044312 
-0.4927684640418756   -0.0848123616489387 
-0.4909736437122044   -0.0946500858376129 
-0.4889824428637216   -0.1044499461109260 
-0.4867956580277654   -0.1142080227549974 
-0.4844141639639035   -0.1239204127693662 
-0.4818389133100566   -0.1335832314280788 
-0.4790709362014772   -0.1431926138334692 
-0.4761113398587269   -0.1527447164620078 
-0.4729613081448238   -0.1622357187016034 
-0.4696221010917351   -0.1716618243797400 
-0.4660950543964039   -0.1810192632818412 
-0.4623815788865092   -0.1903042926592511 
-0.4584831599561806   -0.1995131987262309 
-0.4544013569718831   -0.2086422981453714 
-0.4501378026487183   -0.2176879395008283 
-0.4456942023973852   -0.2266465047587896 
-0.4410723336420672   -0.2355144107145920 
-0.4362740451095133   -0.2442881104259072 
-0.4313012560896001   -0.2529640946314244 
-0.4261559556676710   -0.2615388931544620 
-0.4208402019289587   -0.2700090762909483 
-0.4153561211354074   -0.2783712561812114 
-0.4097059068752295   -0.2866220881650380 
-0.4038918191855288   -0.2947582721194490 
-0.3979161836483489   -0.3027765537786656 
-0.3917813904605029   -0.3106737260357309 
-0.3854898934775602   -0.3184466302252731 
-0.3790442092323701   -0.3260921573868912 
-0.3724469159285159   -0.3336072495086611 
-0.3657006524091017   -0.3409889007502644 
-0.3588081171012849   -0.3482341586452505 
-0.3517720669369757   -0.3553401252819499 
-0.3445953162501366   -0.3623039584625672 
-0.3372807356511209   -0.3691228728399931 
-0.3298312508785040   -0.3757941410318735 
-0.3222498416288611   -0.3823150947114987 
-0.3145395403649653   -0.3886831256750686 
-0.3067034311028790   -0.3948956868849132 
-0.2987446481784249   -0.4009502934882476 
-0.2906663749935299   -0.4068445238110535 
-0.2824718427429439   -0.4125760203266929 
-0.2741643291218412   -0.4181424905988649 
-0.2657471570148242   -0.4235417081985257 
-0.2572236931668493   -0.4287715135944098 
-0.2485973468366111   -0.4338298150167935 
-0.2398715684329223   -0.4387145892941554 
-0.2310498481346331   -0.4434238826623979 
-0.2221357144946423   -0.4479558115463119 
-0.2131327330285611   -0.4523085633129625 
-0.2040445047885910   -0.4564803969967036 
