0.1000000000000000   0.0000000000000000 
0.1004609615455643   0.0020094871696790 
0.1008834720725613   0.0040374924419283 
0.1012669789196706   0.0060833204723442 
0.1016109410470762   0.0081462613941709 
0.1019148293899844   0.0102255909874887 
0.1021781272104052   0.0123205708565231 
0.1024003304470186   0.0144304486150793 
0.1025809480629496   0.0165544580801055 
0.1027195023912716   0.0186918194733832 
0.1028155294780620   0.0208417396313409 
0.1028685794228243   0.0230034122229807 
0.1028782167161002   0.0251760179759082 
0.1028440205740879   0.0273587249104466 
0.1027655852700823   0.0295506885818181 
0.1026425204625563   0.0317510523303662 
0.1024744515196986   0.0339589475397926 
0.1022610198402226   0.0361734939033771 
0.1020018831702627   0.0383937996981438 
0.1016967159161745   0.0406189620669349 
0.1013452094530499   0.0428480673083481 
0.1009470724287665   0.0450801911744897 
0.1005020310633827   0.0473143991764912 
0.1000098294436949   0.0495497468977348 
0.0994702298127708   0.0517852803147251 
0.0988830128542750   0.0540200361255460 
0.0982479779714010   0.0562530420858310 
0.0975649435602270   0.0584833173521765 
0.0968337472773105   0.0607098728329203 
0.0960542463013389   0.0629317115462041 
0.0952263175886545   0.0651478289852344 
0.0943498581224707   0.0673572134906533 
0.0934247851556005   0.0695588466299231 
0.0924510364465148   0.0717517035836287 
0.0914285704885548   0.0739347535385936 
0.0903573667321178   0.0761069600877040 
0.0892374257996420   0.0782672816363283 
0.0880687696932136   0.0804146718152182 
0.0868514419946238   0.0825480798997709 
0.0855855080577024   0.0846664512355276 
0.0842710551927575   0.0867687276697823 
0.0829081928429532   0.0888538479891653 
0.0814970527524573   0.0909207483630674 
0.0800377891261936   0.0929683627927613 
0.0785305787810368   0.0949956235660767 
0.0769756212882878   0.0970014617174784 
0.0753731391072710   0.0989848074933941 
0.0737233777098972   0.1009445908226332 
0.0720266056960372   0.1028797417917356 
0.0702831148995557   0.1047891911250834 
0.0684932204848551   0.1066718706696045 
0.0666572610337848   0.1085267138838955 
0.0647755986227697   0.1103526563315827 
0.0628486188900208   0.1121486361787410 
0.0608767310926874   0.1139135946951830 
0.0588603681538190   0.1156464767594262 
0.0567999866990034   0.1173462313671482 
0.0546960670825552   0.1190118121429264 
0.0525491134031293   0.1206421778550630 
0.0503596535086390   0.1222362929332895 
0.0481282389903611   0.1237931279891397 
0.0458554451661149   0.1253116603387786 
0.0435418710524057   0.1267908745280697 
0.0411881393254267   0.1282297628596617 
0.0387948962708176   0.1296273259218681 
0.0363628117220836   0.1309825731191147 
0.0338925789875798   0.1322945232037229 
0.0313849147659737   0.1335622048087941 
0.0288405590500999   0.1347846569819603 
0.0262602750191295   0.1359609297197565 
0.0236448489189749   0.1370900845023759 
0.0209950899308644   0.1381711948285576 
0.0183118300280164   0.1392033467503579 
0.0155959238203555   0.1401856394075557 
0.0128482483872127   0.1411171855614322 
0.0100697030979604   0.1419971121276716 
0.0072612094205354   0.1428245607081196 
0.0044237107178107   0.1435986881211364 
0.0015581720317804   0.1443186669302830 
-0.0013344201444710   0.1449836859710677 
-0.0042530581070401   0.1455929508754879 
-0.0071967131937334   0.1461456845940905 
-0.0101643360488681   0.1466411279152830 
-0.0131548569003498   0.1470785399816147 
-0.0161671858490295   0.1474571988027528 
-0.0192002131703348   0.1477764017648732 
-0.0222528096281633   0.1480354661361870 
-0.0253238268010230   0.1482337295683188 
-0.0284120974203947   0.1483705505932557 
-0.0315164357212887   0.1484453091155784 
-0.0346356378049588   0.1484574068996954 
-0.0377684820137328   0.1484062680517868 
-0.0409137293179105   0.1482913394961757 
-0.0440701237146740   0.1481120914458359 
-0.0472363926389504   0.1478680178667500 
-0.0504112473861570   0.1475586369358278 
-0.0535933835467562   0.1471834914920949 
-0.0567814814525380   0.1467421494808662 
-0.0599742066345418   0.1462342043906102 
-0.0631702102925242   0.1456592756822180 
-0.0663681297758695   0.1450170092103898 
-0.0695665890758362   0.1443070776368473 
-0.0727641993290225   0.1435291808350864 
-0.0759595593319307   0.1426830462863853 
-0.0791512560664990   0.1417684294667777 
-0.0823378652364676   0.1407851142247122 
-0.0855179518144324   0.1397329131491097 
-0.0886900705994394   0.1386116679275401 
-0.0918527667849616   0.1374212496942357 
-0.0950045765370928   0.1361615593676654 
-0.0981440275827900   0.1348325279773903 
-0.1012696398079831   0.1334341169799282 
-0.1043799258653690   0.1319663185633533 
-0.1074733917916965   0.1304291559403634 
-0.1105485376343421   0.1288226836295440 
-0.1136038580869726   0.1271469877245689 
-0.1166378431340775   0.1254021861510716 
-0.1196489787041538   0.1235884289109332 
-0.1226357473313145   0.1217058983137283 
-0.1255966288250852   0.1197548091950795 
-0.1285301009481499   0.1177354091216718 
-0.1314346401017960   0.1156479785826829 
-0.1343087220188032   0.1134928311673892 
-0.1371508224635155   0.1112703137287114 
-0.1399594179388266   0.1089808065324690 
-0.1427329863998042   0.1066247233921166 
-0.1454700079736689   0.1042025117887386 
-0.1481689656858432   0.1017146529760865 
-0.1508283461917699   0.0991616620704459 
-0.1534466405142026   0.0965440881251268 
-0.1560223447856587   0.0938625141893752 
-0.1585539609957193   0.0911175573515105 
-0.1610399977428568   0.0883098687660989 
-0.1634789709904630   0.0854401336649793 
-0.1658694048267455   0.0825090713519624 
-0.1682098322281509   0.0795174351810339 
-0.1704987958259744   0.0764660125178952 
-0.1727348486758012   0.0733556246846846 
-0.1749165550294274   0.0701871268877268 
-0.1770424911088948   0.0669614081281680 
-0.1791112458822775   0.0636793910953588 
-0.1811214218408436   0.0603420320428557 
-0.1830716357772176   0.0569503206469193 
-0.1849605195641606   0.0535052798473960 
-0.1867867209335800   0.0500079656708759 
-0.1885489042553790   0.0464594670360296 
-0.1902457513157473   0.0428609055410344 
-0.1918759620944944   0.0392134352330078 
-0.1934382555410188   0.0355182423593768 
-0.1949313703485061   0.0317765451011178 
-0.1963540657259406   0.0279895932878128 
-0.1977051221675165   0.0241586680944756 
-0.1989833422190268   0.0202850817201116 
-0.2001875512408083   0.0163701770479830 
-0.2013165981668136   0.0124153272875624 
-0.2023693562593838   0.0084219355981647 
-0.2033447238592883   0.0043914346942611 
-0.2042416251305964   0.0003252864324845 
-0.2050590107999454   -0.0037750186196518 
-0.2057958588897651   -0.0079079616332906 
-0.2064511754450185   -0.0120719959859805 
-0.2070239952530160   -0.0162655477475884 
-0.2075133825558595   -0.0204870161843095 
-0.2079184317550710   -0.0247347742807050 
-0.2082382681079597   -0.0290071692796814 
-0.2084720484152834   -0.0333025232403175 
-0.2086189616997531   -0.0376191336134346 
-0.2086782298749370   -0.0419552738347924 
-0.2086491084041156   -0.0463091939357848 
-0.2085308869486422   -0.0506791211714949 
-0.2083228900053612   -0.0550632606659622 
-0.2080244775326402   -0.0594597960744999 
-0.2076350455645717   -0.0638668902628901 
-0.2071540268129032   -0.0682826860032743 
-0.2065808912562514   -0.0727053066865441 
-0.2059151467161667   -0.0771328570510258 
-0.2051563394196073   -0.0815634239272422 
-0.2043040545473908   -0.0859950769985217 
-0.2033579167681934   -0.0904258695772146 
-0.2023175907576679   -0.0948538393962656 
-0.2011827817022545   -0.0992770094158776 
-0.1999532357872674   -0.1036933886449934 
-0.1986287406688389   -0.1081009729773088 
-0.1972091259293087   -0.1124977460415185 
-0.1956942635156514   -0.1168816800654877 
-0.1940840681605405   -0.1212507367540276 
-0.1923784977856518   -0.1256028681799431 
-0.1905775538868140   -0.1299360176880114 
-0.1886812819006216   -0.1342481208115363 
-0.1866897715521317   -0.1385371062011120 
-0.1846031571832705   -0.1428008965652239 
-0.1824216180615851   -0.1470374096222960 
-0.1801453786689820   -0.1512445590637874 
-0.1777747089701005   -0.1554202555279320 
-0.1753099246599778   -0.1595624075836990 
-0.1727513873906718   -0.1636689227245463 
-0.1700995049765141   -0.1677377083715271 
-0.1673547315776752   -0.1717666728852986 
-0.1645175678617337   -0.1757537265865736 
-0.1615885611429493   -0.1796967827845431 
-0.1585683054989504   -0.1835937588127933 
-0.1554574418645563   -0.1874425770722255 
-0.1522566581024637   -0.1912411660804789 
-0.1489666890505403   -0.1949874615273534 
-0.1455883165454747   -0.1986794073357104 
-0.1421223694225487   -0.2023149567273298 
-0.1385697234913038   -0.2058920732931880 
-0.1349313014868894   -0.2094087320676150 
-0.1312080729968913   -0.2128629206057802 
-0.1274010543634491   -0.2162526400639508 
-0.1235113085604880   -0.2195759062819544 
-0.1195399450458991   -0.2228307508672761 
-0.1154881195885168   -0.2260152222802107 
-0.1113570340697569   -0.2291273869194812 
-0.1071479362597912   -0.2321653302077341 
-0.1028621195681461   -0.2351271576763128 
-0.0985009227686310   -0.2380109960487028 
-0.0940657296985140   -0.2408149943220419 
-0.0895579689318760   -0.2435373248460802 
-0.0849791134270920   -0.2461761843989688 
-0.0803306801484008   -0.2487297952592572 
-0.0756142296615399   -0.2511964062734682 
-0.0708313657034386   -0.2535742939186215 
-0.0659837347259770   -0.2558617633590725 
-0.0610730254138345   -0.2580571494970242 
-0.0561009681764666   -0.2601588180160780 
-0.0510693346142661   -0.2621651664171791 
-0.0459799369589796   -0.2640746250463127 
-0.0408346274884668   -0.2658856581133072 
-0.0356352979159067   -0.2675967647010969 
-0.0303838787535719   -0.2692064797648007 
-0.0250823386513058   -0.2707133751199677 
-0.0197326837098592   -0.2721160604193477 
-0.0143369567692541   -0.2734131841175378 
-0.0088972366723635   -0.2746034344228641 
-0.0034156375039108   -0.2756855402358548 
0.0021056921948916   -0.2766582720736677 
0.0076645702358245   -0.2775204429798328 
0.0132587816170120   -0.2782709094186752 
0.0188860793798672   -0.2789085721537913 
0.0245441854893446   -0.2794323771099489 
0.0302307917371947   -0.2798413162177916 
0.0359435606678975   -0.2801344282407273 
0.0416801265269359   -0.2803107995833943 
0.0474380962310540   -0.2803695650810935 
0.0532150503601260   -0.2803099087695923 
0.0590085441702487   -0.2801310646347057 
0.0648161086276494   -0.2798323173410691 
0.0706352514629898   -0.2794130029395263 
0.0764634582456250   -0.2788725095525619 
0.0822981934773653   -0.2782102780372231 
0.0881369017052691   -0.2774258026249708 
0.0939770086529814   -0.2765186315379266 
0.0998159223701165   -0.2754883675809798 
0.1056510343991663   -0.2743346687092353 
0.1114797209594039   -0.2730572485702918 
0.1172993441472343   -0.2716558770208525 
0.1231072531524301   -0.2701303806171798 
0.1289007854896764   -0.2684806430789243 
0.1346772682448342   -0.2667066057258625 
0.1404340193353178   -0.2648082678870985 
0.1461683487839685   -0.2627856872822910 
0.1518775600057932   -0.2606389803744913 
0.1575589511069237   -0.2583683226941819 
0.1632098161951398   -0.2559739491341272 
0.1688274467012879   -0.2534561542146582 
0.1744091327109126   -0.2508152923190357 
0.1799521643054107   -0.2480517778985447 
0.1854538329120028   -0.2451660856469929 
0.1909114326618080   -0.2421587506443059 
0.1963222617552988   -0.2390303684689213 
0.2016836238343996   -0.2357815952787095 
0.2069928293604857   -0.2324131478601614 
0.2122471969975318   -0.2289258036456044 
0.2174440549996431   -0.2253204006982226 
0.2225807426022074   -0.2215978376646835 
0.2276546114158838   -0.2177590736951817 
0.2326630268226479   -0.2138051283307399 
0.2376033693731013   -0.2097370813576204 
0.2424730361842495   -0.2055560726287215 
0.2472694423369446   -0.2012633018518565 
0.2519900222721860   -0.1968600283448273 
0.2566322311854661   -0.1923475707572308 
0.2611935464183482   -0.1877273067589532 
0.2656714688464533   -0.1830006726953300 
0.2700635242630345   -0.1781691632089692 
0.2743672647573178   -0.1732343308282566 
0.2785802700867790   -0.1681977855225857 
0.2827001490425307   -0.1630611942243705 
0.2867245408069923   -0.1578262803179266 
0.2906511163030143   -0.1524948230953243 
0.2944775795336308   -0.1470686571793408 
0.2982016689116096   -0.1415496719136565 
0.3018211585779830   -0.1359398107204674 
0.3053338597087296   -0.1302410704257036 
0.3087376218087928   -0.1244555005520641 
0.3120303339926204   -0.1185852025801053 
0.3152099262504093   -0.1126323291776355 
0.3182743706992558   -0.1065990833976946 
0.3212216828184032   -0.1004877178454137 
0.3240499226677964   -0.0943005338140794 
0.3267571960891516   -0.0880398803907369 
0.3293416558887616   -0.0817081535316986 
0.3318015030012598   -0.0753077951083375 
0.3341349876335809   -0.0688412919235694 
0.3363404103883574   -0.0623111746994477 
0.3384161233660098   -0.0557200170363133 
0.3403605312447842   -0.0490704343439646 
0.3421720923380210   -0.0423650827453301 
0.3438493196279324   -0.0356066579531479 
0.3453907817751848   -0.0287978941201731 
0.3467951041035973   -0.0219415626634556 
0.3480609695592742   -0.0150404710632475 
0.3491871196435088   -0.0080974616371189 
0.3501723553188034   -0.0011154102898790 
0.3510155378873692   0.0059027747600852 
0.3517155898414844   0.0129541542774187 
0.3522714956851006   0.0200357593287106 
0.3526823027261086   0.0271445926230433 
0.3529471218386849   0.0342776298734967 
0.3530651281951629   0.0414318211789125 
0.3530355619668848   0.0486040924252057 
0.3528577289935131   0.0557913467054974 
0.3525310014202918   0.0629904657583275 
0.3520548183027725   0.0701983114231930 
0.3514286861785363   0.0774117271126432 
0.3506521796054606   0.0846275393001521 
0.3497249416660997   0.0918425590229731 
0.3486466844377732   0.0990535833991731 
0.3474171894279668   0.1062573971580272 
0.3460363079746787   0.1134507741829487 
0.3445039616113623   0.1206304790661170 
0.3428201423961387   0.1277932686739557 
0.3409849132049698   0.1349358937226061 
0.3389984079885093   0.1420551003625303 
0.3368608319923707   0.1491476317713732 
0.3345724619405648   0.1562102297542035 
0.3321336461818971   0.1632396363502453 
0.3295448047991218   0.1702325954452119 
0.3268064296806822   0.1771858543883403 
0.3239190845548867   0.1840961656132249 
0.3208834049863914   0.1909602882615445 
0.3177000983348868   0.1977749898087705 
0.3143699436759037   0.2045370476909421 
0.3108937916836812   0.2112432509315947 
0.3072725644760645   0.2178904017679206 
0.3035072554214134   0.2244753172752454 
0.2995989289075401   0.2309948309888991 
0.2955487200727072   0.2374457945225616 
0.2913578344987437   0.2438250791821674 
0.2870275478663604   0.2501295775744454 
0.2825592055727710   0.2563562052091860 
0.2779542223117422   0.2625019020943156 
0.2732140816162277   0.2685636343228737 
0.2683403353637547   0.2745383956509826 
0.2633346032447660   0.2804232090659110 
0.2581985721941280   0.2862151283433341 
0.2529339957860542   0.2919112395928970 
0.2475426935927018   0.2975086627912006 
0.2420265505067312   0.3030045533013272 
0.2363875160281350   0.3083961033780394 
0.2306276035156659   0.3136805436577865 
0.2247488894032162   0.3188551446326660 
0.2187535123815195   0.3239172181074927 
0.2126436725455701   0.3288641186391431 
0.2064216305081727   0.3336932449573476 
0.2000897064800582   0.3384020413661132 
0.1936502793170198   0.3429879991249796 
0.1871057855345459   0.3474486578093117 
0.1804587182904402   0.3517816066488471 
0.1737116263359453   0.3559844858437411 
0.1668671129359030   0.3600549878573432 
0.1599278347584965   0.3639908586849744 
0.1528965007351483   0.3677898990979742 
0.1457758708911576   0.3714499658623094 
0.1385687551476795   0.3749689729310439 
0.1312780120956684   0.3783448926099940 
0.1239065477424185   0.3815757566958989 
0.1164573142313587   0.3846596575864616 
0.1089333085357637   0.3875947493616237 
0.1013375711270689   0.3903792488354638 
0.0936731846184840   0.3930114365781171 
0.0859432723846167   0.3954896579071364 
0.0781509971578325   0.3978123238477365 
0.0702995596020872   0.3999779120613713 
0.0623921968649845   0.4019849677421230 
0.0544321811088190   0.4038321044803945 
0.0464228180213812   0.4055180050934193 
0.0383674453073091   0.4070414224221189 
0.0302694311607810   0.4084011800938610 
0.0221321727203580   0.4095961732506888 
0.0139590945067892   0.4106253692426132 
0.0057536468446052   0.4114878082855805 
-0.0024806957316667   0.4121826040837482 
-0.0107404360858261   0.4127089444157189 
-0.0190220561020132   0.4130660916844102 
-0.0273220183195570   0.4132533834302525 
-0.0356367675797982   0.4132702328074294 
-0.0439627326840181   0.4131161290229021 
-0.0522963280616031   0.4127906377379706 
-0.0606339554475663   0.4122934014321538 
-0.0689720055685465   0.4116241397291868 
-0.0773068598363996   0.4107826496849630 
-0.0856348920484952   0.4097688060372568 
-0.0939524700938277   0.4085825614170974 
-0.1022559576640506   0.4072239465216784 
-0.1105417159685412   0.4056930702487104 
-0.1188061054525996   0.4039901197921481 
-0.1270454875178896   0.4021153606992384 
-0.1352562262442264   0.4000691368888674 
-0.1434346901118159   0.3978518706311937 
-0.1515772537230560   0.3954640624885874 
-0.1596802995230071   0.3929062912179068 
-0.1677402195176445   0.3901792136341716 
-0.1757534169890053   0.3872835644357090 
-0.1837163082063512   0.3842201559908726 
-0.1916253241324629   0.3809898780864496 
-0.1994769121241980   0.3775936976379014 
-0.2072675376264379   0.3740326583615892 
-0.2149936858585612   0.3703078804091740 
-0.2226518634925853   0.3664205599643817 
-0.2302386003221224   0.3623719688023605 
-0.2377504509213056   0.3581634538118634 
-0.2451839962928423   0.3537964364805187 
-0.2525358455043697   0.3492724123434635 
-0.2598026373122834   0.3445929503956371 
-0.2669810417722246   0.3397596924680512 
-0.2740677618354237   0.3347743525683658 
-0.2810595349300971   0.3296387161861298 
-0.2879531345271136   0.3243546395630438 
-0.2947453716891508   0.3189240489286465 
-0.3014330966025776   0.3133489397018144 
-0.3080132000912985   0.3076313756585087 
-0.3144826151118233   0.3017734880661966 
-0.3208383182288209   0.2957774747854069 
-0.3270773310704393   0.2896455993388878 
-0.3331967217626800   0.2833801899488539 
-0.3391936063421283   0.2769836385428213 
-0.3450651501463555   0.2704583997285510 
-0.3508085691813217   0.2638069897386224 
-0.3564211314651207   0.2570319853451966 
-0.3619001583474173   0.2501360227455101 
-0.3672430258039565   0.2431217964186893 
-0.3724471657055159   0.2359920579544593 
-0.3775100670607092   0.2287496148543504 
-0.3824292772320471   0.2213973293060131 
-0.3872024031246843   0.2139381169312646 
-0.3918271123472987   0.2063749455085020 
-0.3963011343445549   0.1987108336701279 
-0.4006222615006328   0.1909488495756461 
-0.4047883502133043   0.1830921095610958 
-0.4087973219380673   0.1751437767655004 
-0.4126471642018585   0.1671070597350214 
-0.4163359315858828   0.1589852110055129 
-0.4198617466771125   0.1507815256641808 
-0.4232228009880301   0.1424993398910675 
-0.4264173558442002   0.1341420294810783 
-0.4294437432392788   0.1257130083472824 
-0.4323003666570776   0.1172157270062294 
-0.4349857018603270   0.1086536710460215 
-0.4374982976457907   0.1000303595778963 
-0.4398367765654102   0.0913493436720765 
-0.4419998356131632   0.0826142047786489 
-0.4439862468773542   0.0738285531342442 
-0.4457948581580537   0.0649960261552874 
-0.4474245935494395   0.0561202868186010 
-0.4488744539867938   0.0472050220301387 
-0.4501435177579393   0.0382539409826405 
-0.4512309409789129   0.0292707735029933 
-0.4521359580336874   0.0202592683900938 
-0.4528578819777766   0.0112231917440048 
-0.4533961049055746   0.0021663252872037 
-0.4537500982812945   -0.0069075353212792 
-0.4539194132333964   -0.0159945821780328 
-0.4539036808124039   -0.0250909968329461 
-0.4537026122120320   -0.0341929519915984 
-0.4533159989535660   -0.0432966132215554 
-0.4527437130334467   -0.0523981406617717 
-0.4519857070340361   -0.0614936907342975 
-0.4510420141975539   -0.0705794178574917 
-0.4499127484631932   -0.0796514761599417 
-0.4485981044674449   -0.0887060211942944 
-0.4470983575076671   -0.0977392116502026 
-0.4454138634689665   -0.1067472110655965 
-0.4435450587144649   -0.1157261895354907 
-0.4414924599390453   -0.1246723254175395 
-0.4392566639866888   -0.1335818070335595 
-0.4368383476315313   -0.1424508343662408 
-0.4342382673227794   -0.1512756207502711 
-0.4314572588936528   -0.1600523945571043 
-0.4284962372345202   -0.1687774008726093 
-0.4253561959304314   -0.1774469031668359 
-0.4220382068632454   -0.1860571849551483 
-0.4185434197785844   -0.1946045514499738 
-0.4148730618178518   -0.2030853312024277 
-0.4110284370155662   -0.2114958777330772 
-0.4070109257622881   -0.2198325711511142 
-0.4028219842334188   -0.2280918197612196 
-0.3984631437841741   -0.2362700616573996 
-0.3939360103110482   -0.2443637663030911 
-0.3892422635800969   -0.2523694360968357 
-0.3843836565223822   -0.2602836079228331 
-0.3793620144969379   -0.2681028546856896 
-0.3741792345216257   -0.2758237868286937 
-0.3688372844722680   -0.2834430538349481 
-0.3633382022504562   -0.2909573457107074 
-0.3576840949204426   -0.2983633944502794 
-0.3518771378155461   -0.3056579754818459 
-0.3459195736145028   -0.3128379090935865 
-0.3398137113882146   -0.3199000618394862 
-0.3335619256173544   -0.3268413479242224 
-0.3271666551813067   -0.3336587305665389 
-0.3206304023189205   -0.3403492233405253 
-0.3139557315615799   -0.3469098914942269 
-0.3071452686390931   -0.3533378532450270 
-0.3002016993589231   -0.3596302810512546 
-0.2931277684592853   -0.3657844028594792 
-0.2859262784366552   -0.3717975033269669 
-0.2786000883482345   -0.3776669250187865 
-0.2711521125899333   -0.3833900695790677 
-0.2635853196504401   -0.3889643988759185 
-0.2559027308419550   -0.3943874361195311 
-0.2481074190081759   -0.3996567669530145 
-0.2402025072101325   -0.4047700405154983 
-0.2321911673904712   -0.4097249704770809 
-0.2240766190168046   -0.4145193360451920 
-0.2158621277047451   -0.4191509829419632 
-0.2075510038212512   -0.4236178243522118 
-0.1991466010689193   -0.4279178418416507 
-0.1906523150518656   -0.4320490862449632 
-0.1820715818238440   -0.4360096785233822 
-0.1734078764192565   -0.4397978105914370 
-0.1646647113677160   -0.4434117461125380 
-0.1558456351928293   -0.4468498212630908 
-0.1469542308958701   -0.4501104454648381 
-0.1379941144250217   -0.4531921020851494 
-0.1289689331308703   -0.4560933491049849 
-0.1198823642088344   -0.4588128197542838 
-0.1107381131292236   -0.4613492231145321 
-0.1015399120556185   -0.4637013446882888 
-0.0922915182522736   -0.4658680469354551 
-0.0829967124812412   -0.4678482697760932 
-0.0736592973899236   -0.4696410310596137 
-0.0642830958897605   -0.4712454270001617 
-0.0548719495267604   -0.4726606325780552 
-0.0454297168445895   -0.4738859019071294 
-0.0359602717409308   -0.4749205685678757 
-0.0264675018178293   -0.4757640459062598 
-0.0169553067267393   -0.4764158272981284 
-0.0074275965089921   -0.4768754863791292 
0.0021117100675990   -0.4771426772400785 
0.0116586871752772   -0.4772171345877261 
0.0212094035953058   -0.4770986738708917 
0.0307599243886395   -0.4767871913719436 
0.0403063125675850   -0.4762826642636255 
0.0498446307677353   -0.4755851506312378 
0.0593709429194606   -0.4746947894601941 
0.0688813159182440   -0.4736118005890033 
0.0783718212931470   -0.4723364846277242 
0.0878385368726974   -0.4708692228419601 
0.0972775484474890   -0.4692104770024850 
0.1066849514287897   -0.4673607892005917 
0.1160568525024543   -0.4653207816292750 
0.1253893712774435   -0.4630911563303807 
0.1346786419282525   -0.4606726949078528 
0.1439208148305578   -0.4580662582072425 
0.1531120581893927   -0.4552727859616369 
0.1622485596591704   -0.4522932964042010 
0.1713265279548705   -0.4491288858475145 
0.1803421944537199   -0.4457807282299285 
0.1892918147866943   -0.4422500746291503 
0.1981716704191782   -0.4385382527433021 
0.2069780702201233   -0.4346466663396985 
0.2157073520190543   -0.4305767946716059 
0.2243558841502739   -0.4263301918632598 
0.2329200669836268   -0.4219084862634279 
0.2413963344411893   -0.4173133797678172 
0.2497811554992572   -0.4125466471106454 
0.2580710356750117   -0.4076101351256913 
0.2662625184972505   -0.4025057619771736 
0.2743521869605817   -0.3972355163608005 
0.2823366649624771   -0.3918014566753528 
0.2902126187226023   -0.3862057101651787 
0.2979767581838366   -0.3804504720339791 
0.3056258383944149   -0.3745380045302824 
0.3131566608706224   -0.3684706360050186 
0.3205660749394899   -0.3622507599416088 
0.3278509790609448   -0.3558808339589982 
0.3350083221288754   -0.3493633787880757 
0.3420351047505868   -0.3427009772219267 
0.3489283805041260   -0.3358962730403870 
0.3556852571729698   -0.3289519699093560 
0.3623028979575787   -0.3218708302553635 
0.3687785226633260   -0.3146556741158680 
0.3751094088643278   -0.3073093779657953 
0.3812928930427023   -0.2998348735208188 
0.3873263717028077   -0.2922351465179028 
0.3932073024600093   -0.2845132354736329 
0.3989332051035432   -0.2766722304208702 
0.4045016626330516   -0.2687152716242706 
0.4099103222683798   -0.2606455482752194 
0.4151568964322357   -0.2524662971667413 
0.4202391637053188   -0.2441808013489520 
0.4251549697535440   -0.2357923887656219 
0.4299022282269986   -0.2273044308724383 
0.4344789216302736   -0.2187203412375474 
0.4388831021638315   -0.2100435741249733 
0.4431128925360829   -0.2012776230615136 
0.4471664867458537   -0.1924260193877188 
0.4510421508349400   -0.1834923307935661 
0.4547382236104597   -0.1744801598394459 
0.4582531173367231   -0.1653931424630853 
0.4615853183963535   -0.1562349464730357 
0.4647333879204108   -0.1470092700293575 
0.4676959623872724   -0.1377198401121385 
0.4704717541900489   -0.1283704109784912 
0.4730595521723175   -0.1189647626086707 
0.4754582221319748   -0.1095066991419657 
0.4776667072930216   -0.1000000473030139 
0.4796840287451056   -0.0904486548191990 
0.4815092858506582   -0.0808563888297891 
0.4831416566194838   -0.0712271342874774 
0.4845803980506615   -0.0615647923529898 
0.4858248464416451   -0.0518732787834270 
0.4868744176644477   -0.0421565223150087 
0.4877286074088234   -0.0324184630408897 
0.4883869913923619   -0.0226630507847204 
0.4888492255374338   -0.0128942434706236 
0.4891150461149277   -0.0031160054902612 
0.4891842698547462   0.0066676939323359 
0.4890567940230320   0.0164528823774987 
0.4887325964661107   0.0262355858675404 
0.4882117356211552   0.0360118305045891 
0.4874943504935844   0.0457776441079620 
0.4865806606012227   0.0555290578504065 
0.4854709658852686   0.0652621078925378 
0.4841656465881186   0.0749728370148023 
0.4826651630981250   0.0846572962462989 
0.4809700557613603   0.0943115464897890 
0.4790809446604918   0.1039316601422334 
0.4769985293608699   0.1135137227101925 
0.4747235886239530   0.1230538344194292 
0.4722569800882051   0.1325481118180595 
0.4695996399176154   0.1419926893725956 
0.4667525824179958   0.1513837210562324 
0.4637168996212382   0.1607173819287299 
0.4604937608377097   0.1699898697072492 
0.4570844121769953   0.1791974063275044 
0.4534901760371892   0.1883362394945951 
0.4497124505629703   0.1974026442228914 
0.4457527090726918   0.2063929243643447 
0.4416124994547374   0.2153034141246080 
0.4372934435334069   0.2241304795663500 
0.4327972364046044   0.2328705200991545 
0.4281256457416139   0.2415199699554040 
0.4232805110712624   0.2500752996515506 
0.4182637430207802   0.2585330174341827 
0.4130773225356771   0.2668896707103080 
0.4077233000689718   0.2751418474612710 
0.4022037947421152   0.2832861776397412 
0.3965209934779634   0.2913193345492047 
0.3906771501061680   0.2992380362054069 
0.3846745844413618   0.3070390466791985 
0.3785156813345263   0.3147191774202479 
0.3722028896979405   0.3222752885610820 
0.3657387215041181   0.3297042902009406 
0.3591257507591581   0.3370031436689258 
0.3523666124509301   0.3441688627659397 
0.3454640014725405   0.3511985149849171 
0.3384206715215262   0.3580892227088623 
0.3312394339752316   0.3648381643862120 
0.3239231567428402   0.3714425756830574 
0.3164747630945376   0.3778997506117623 
0.3088972304682888   0.3842070426355338 
0.3011935892547281   0.3903618657484971 
0.2933669215606617   0.3963616955308527 
0.2854203599516957   0.4022040701786920 
0.2773570861745101   0.4078865915080667 
0.2691803298593030   0.4134069259329091 
0.2608933672029460   0.4187628054164196 
0.2524995196333854   0.4239520283955431 
0.2440021524558468   0.4289724606781698 
0.2354046734813940   0.4338220363127045 
0.2267105316384116   0.4384987584296661 
0.2179232155675749   0.4430007000549783 
0.2090462522008901   0.4473260048946393 
0.2000832053253829   0.4514728880904568 
0.1910376741320270   0.4554396369465566 
0.1819132917505044   0.4592246116263753 
0.1727137237704001   0.4628262458198691 
0.1634426667494313   0.4662430473806765 
0.1541038467093269   0.4694735989329862 
0.1447010176199655   0.4725165584478764 
0.1352379598723945   0.4753706597889014 
0.1257184787413534   0.4780347132267134 
0.1161464028379246   0.4805076059225223 
0.1065255825529465   0.4827883023802107 
0.0968598884918197   0.4848758448669234 
0.0871532099013448   0.4867693538019817 
0.0774094530892316   0.4884680281139651 
0.0676325398369223   0.4899711455658337 
0.0578264058063731   0.4912780630479651 
0.0479949989414422   0.4923882168389995 
0.0381422778645336   0.4933011228343944 
0.0282722102691448   0.4940163767426121 
0.0183887713089747   0.4945336542488641 
0.0084959419842398   0.4948527111463602 
-0.0014022924741424   0.4949733834350150 
-0.0113019442218526   0.4948955873875878 
-0.0211990244192938   0.4946193195832322 
-0.0310895448498865   0.4941446569084542 
-0.0409695195378803   0.4934717565254885 
-0.0508349663650280   0.4926008558081144 
-0.0606819086854672   0.4915322722449452 
-0.0705063769381594   0.4902664033102418 
-0.0803044102562325   0.4888037263023089 
-0.0900720580725799   0.4871447981495515 
-0.0998053817210653   0.4852902551842769 
-0.1095004560326893   0.4832408128843394 
-0.1191533709260731   0.4809972655827494 
-0.1287602329916189   0.4785604861453618 
-0.1383171670687075   0.4759314256167914 
-0.1478203178152983   0.4731111128347010 
-0.1572658512693005   0.4701006540126290 
-0.1666499564010848   0.4669012322915325 
-0.1759688466565136   0.4635141072602335 
-0.1852187614898661   0.4599406144449714 
-0.1943959678860441   0.4561821647682753 
-0.2034967618714457   0.4522402439773811 
-0.2125174700128995   0.4481164120424335 
-0.2214544509040574   0.4438123025247198 
-0.2303040966386490   0.4393296219152025 
-0.2390628342700067   0.4346701489436188 
-0.2477271272562746   0.4298357338584386 
-0.2562934768907221   0.4248282976779745 
-0.2647584237165892   0.4196498314129531 
-0.2731185489258952   0.4143023952608690 
-0.2813704757416490   0.4087881177724528 
-0.2895108707829125   0.4031091949905928 
-0.2975364454121617   0.3972678895620688 
-0.3054439570644145   0.3912665298224565 
-0.3132302105575898   0.3851075088545822 
-0.3208920593835701   0.3787932835209099 
-0.3284264069794570   0.3723263734702575 
-0.3358302079785101   0.3657093601192506 
-0.3431004694402642   0.3589448856089225 
-0.3502342520593412   0.3520356517368967 
-0.3572286713524669   0.3449844188655747 
-0.3640808988232229   0.3377940048067886 
-0.3707881631040680   0.3304672836833571 
-0.3773477510751718   0.3230071847680216 
-0.3837570089596163   0.3154166913002269 
-0.3900133433945283   0.3076988392812277 
-0.3961142224777153   0.2998567162480176 
-0.4020571767893880   0.2918934600265668 
-0.4078398003885635   0.2838122574648876 
-0.4134597517837511   0.2756163431464297 
-0.4189147548775379   0.2673089980843370 
-0.4242025998846931   0.2588935483970879 
-0.4293211442234319   0.2503733639660614 
-0.4342683133794816   0.2417518570755690 
-0.4390421017426073   0.2330324810359032 
-0.4436405734152676   0.2242187287899635 
-0.4480618629930753   0.2153141315040191 
-0.4523041763167602   0.2063222571431814 
-0.4563657911953279   0.1972467090321615 
-0.4602450581001374   0.1880911244018942 
-0.4639404008296168   0.1788591729226149 
-0.4674503171443565   0.1695545552239848 
-0.4707733793723302   0.1601810014028587 
-0.4739082349840045   0.1507422695193001 
-0.4768536071371083   0.1412421440814498 
-0.4796082951908540   0.1316844345198588 
-0.4821711751893989   0.1220729736519025 
-0.4845412003143674   0.1124116161368945 
-0.4867174013062502   0.1027042369225218 
-0.4886988868545158   0.0929547296832299 
-0.4904848439562894   0.0831670052511854 
-0.4920745382434475   0.0733449900404491 
-0.4934673142780160   0.0634926244649935 
-0.4946625958157429   0.0536138613512024 
-0.4956598860377563   0.0437126643454922 
-0.4964587677502143   0.0337930063176942 
-0.4970589035518687   0.0238588677608427 
-0.4974600359694855   0.0139142351880106 
-0.4976619875610660   0.0039630995268384 
-0.4976646609868386   -0.0059905454875965 
-0.4974680390479911   -0.0159427049209271 
-0.4970721846931342   -0.0258893842480108 
-0.4964772409925014   -0.0358265909611655 
-0.4956834310798943   -0.0457503361774815 
-0.4946910580624055   -0.0556566362445618 
-0.4935005048979577   -0.0655415143440480 
-0.4921122342407133   -0.0754010020922853 
-0.4905267882544199   -0.0852311411374865 
-0.4887447883937696   -0.0950279847527507 
-0.4867669351538703   -0.1047875994243000 
-0.4845940077879232   -0.1145060664342943 
-0.4822268639932349   -0.1241794834375913 
-0.4796664395656862   -0.1338039660318162 
-0.4769137480228032   -0.1433756493201151 
-0.4739698801955881   -0.1528906894659607 
-0.4708360037892722   -0.1623452652393906 
-0.4675133629131768   -0.1717355795540553 
-0.4640032775798704   -0.1810578609944626 
-0.4603071431738288   -0.1903083653328036 
-0.4564264298898151   -0.1994833770347521 
-0.4523626821412081   -0.2085792107536371 
-0.4481175179385197   -0.2175922128123874 
-0.4436926282383545   -0.2265187626726532 
-0.4390897762630795   -0.2353552743905201 
-0.4343107967914724   -0.2440981980582290 
-0.4293575954206446   -0.2527440212313264 
-0.4242321477995357   -0.2612892703406731 
-0.4189364988342882   -0.2697305120887464 
-0.4134727618658259   -0.2780643548296753 
-0.4078431178199701   -0.2862874499324612 
-0.4020498143304362   -0.2943964931268299 
-0.3960951648350658   -0.3023882258311872 
-0.3899815476456603   -0.3102594364621371 
-0.3837114049917916   -0.3180069617250454 
-0.3772872420389756   -0.3256276878851310 
-0.3707116258816083   -0.3331185520185733 
-0.3639871845110660   -0.3404765432431409 
-0.3571166057593900   -0.3476987039278457 
-0.3501026362189811   -0.3547821308811419 
-0.3429480801387398   -0.3617239765171905 
-0.3356557982970960   -0.3685214499997302 
-0.3282287068523858   -0.3751718183630918 
-0.3206697761710333   -0.3816724076099110 
-0.3129820296340174   -0.3880206037851012 
-0.3051685424220964   -0.3942138540256578 
-0.2972324402802854   -0.4002496675858724 
-0.2891768982620811   -0.4061256168375525 
-0.2810051394539404   -0.4118393382448437 
-0.2727204336805283   -0.4173885333132664 
-0.2643260961912507   -0.4227709695125900 
-0.2558254863286080   -0.4279844811731737 
-0.2472220061788982   -0.4330269703554205 
-0.2385190992058172   -0.4378964076919947 
-0.2297202488675030   -0.4425908332024682 
-0.2208289772175819   -0.4471083570800718 
-0.2118488434907775   -0.4514471604502380 
-0.2027834426736502   -0.4556054961006318 
-0.1936364040610464   -0.4595816891823832 
-0.1844113897988303   -0.4633741378822344 
-0.1751120934134906   -0.4669813140653457 
-0.1657422383292085   -0.4704017638884928 
-0.1563055763729834   -0.4736341083834216 
-0.1468058862684186   -0.4766770440101224 
-0.1372469721187699   -0.4795293431798064 
-0.1276326618798668   -0.4821898547473784 
-0.1179668058235191   -0.4846575044732066 
-0.1082532749920269   -0.4869312954540110 
-0.0984959596444125   -0.4890103085226957 
-0.0886987676949992   -0.4908937026169712 
-0.0788656231449633   -0.4925807151166174 
-0.0690004645074880   -0.4940706621492568 
-0.0591072432271518   -0.4953629388645164 
-0.0491899220941856   -0.4964570196764697 
-0.0392524736542330   -0.4973524584742662 
-0.0292988786142542   -0.4980488888008648 
-0.0193331242452105   -0.4985460239997988 
-0.0093592027821712   -0.4988436573299225 
0.0006188901775160   -0.4989416620480887 
0.0105971572773487   -0.4988399914597287 
0.0205716010054450   -0.4985386789373190 
0.0305382252983274   -0.4980378379067243 
0.0404930371440722   -0.4973376618014293 
0.0504320481841826   -0.4964384239846751 
0.0603512763135422   -0.4953404776395378 
0.0702467472778093   -0.4940442556269924 
0.0801144962676110   -0.4925502703120207 
0.0899505695088981   -0.4908591133578371 
0.0997510258488244   -0.4889714554883150 
0.1095119383365153   -0.4868880462187098 
0.1192293957980907   -0.4846097135547917 
0.1288995044053135   -0.4821373636605066 
0.1385183892372346   -0.4794719804943046 
0.1480821958342079   -0.4766146254142782 
0.1575870917436550   -0.4735664367522753 
0.1670292680569589   -0.4703286293571567 
0.1764049409368723   -0.4669024941073817 
0.1857103531348286   -0.4632893973931231 
0.1949417754975481   -0.4594907805681159 
0.2040955084623363   -0.4555081593714640 
0.2131678835404770   -0.4513431233196369 
0.2221552647881226   -0.4469973350689020 
0.2310540502640988   -0.4424725297484501 
0.2398606734740344   -0.4377705142644805 
0.2485716048002432   -0.4328931665755297 
0.2571833529167810   -0.4278424349393307 
0.2656924661891172   -0.4226203371315124 
0.2740955340578543   -0.4172289596364460 
0.2823891884059479   -0.4116704568105700 
0.2905701049088773   -0.4059470500185280 
0.2986350043672252   -0.4000610267424663 
0.3065806540211378   -0.3940147396648503 
0.3144038688461348   -0.3878106057251665 
0.3221015128297533   -0.3814511051508924 
0.3296705002285172   -0.3749387804631225 
0.3371077968047237   -0.3682762354572469 
0.3444104210425600   -0.3614661341590952 
0.3515754453430564   -0.3545111997569660 
0.3585999971974033   -0.3474142135099662 
0.3654812603381610   -0.3401780136331024 
0.3722164758679026   -0.3328054941595720 
0.3788029433648376   -0.3252996037807069 
0.3852380219649779   -0.3176633446640397 
0.3915191314204083   -0.3098997712499655 
0.3976437531332438   -0.3020119890274796 
0.4036094311648569   -0.2940031532894855 
0.4094137732199748   -0.2858764678681717 
0.4150544516052494   -0.2776351838509648 
0.4205292041619221   -0.2692825982775724 
0.4258358351722061   -0.2608220528186397 
0.4309722162390280   -0.2522569324365500 
0.4359362871387741   -0.2435906640289048 
0.4407260566467046   -0.2348267150552304 
0.4453396033347028   -0.2259685921474565 
0.4497750763410431   -0.2170198397047296 
0.4540306961118682   -0.2079840384731200 
0.4581047551140831   -0.1988648041107948 
0.4619956185193785   -0.1896657857392305 
0.4657017248591113   -0.1803906644810459 
0.4692215866497819   -0.1710431519850417 
0.4725537909888586   -0.1616269889390385 
0.4756970001207099   -0.1521459435711076 
0.4786499519724227   -0.1426038101397968 
0.4814114606592896   -0.1330044074139549 
0.4839804169597633   -0.1233515771427654 
0.4863557887596941   -0.1136491825166001 
0.4885366214656665   -0.1039011066193120 
0.4905220383872770   -0.0941112508725855 
0.4923112410881967   -0.0842835334729676 
0.4939035097058815   -0.0744218878222065 
0.4952982032398000   -0.0645302609515265 
0.4964947598080683   -0.0546126119404690 
0.4974926968723891   -0.0446729103309345 
0.4982916114312032   -0.0347151345370600 
0.4988911801809800   -0.0247432702515682 
0.4992911596455827   -0.0147613088492280 
0.4994913862736561   -0.0047732457880635 
0.4994917765040021   0.0052169209910457 
0.4992923267989124   0.0152051926657345 
0.4988931136454529   0.0251875711338495 
0.4982942935246928   0.0351600606148341 
0.4974961028488984   0.0451186692501579 
0.4964988578667118   0.0550594107021521 
0.4953029545363592   0.0649783057506097 
0.4939088683669339   0.0748713838865103 
0.4923171542278257   0.0847346849022346 
0.4905284461263668   0.0945642604776285 
0.4885434569537892   0.1043561757612840 
0.4863629781995937   0.1141065109464043 
0.4839878796344463   0.1238113628406207 
0.4814191089617304   0.1334668464291341 
0.4786576914378935   0.1430690964305562 
0.4757047294617424   0.1526142688448258 
0.4725614021328538   0.1620985424925819 
0.4692289647792719   0.1715181205453792 
0.4657087484546906   0.1808692320461292 
0.4620021594053175   0.1901481334191635 
0.4581106785066343   0.1993511099693125 
0.4540358606702808   0.2084744773693989 
0.4497793342213012   0.2175145831355522 
0.4453428002460001   0.2264678080897556 
0.4407280319106732   0.2353305678090357 
0.4359368737514838   0.2440993140607189 
0.4309712409357712   0.2527705362231791 
0.4258331184950865   0.2613407626915084 
0.4205245605302632   0.2698065622675481 
0.4150476893888436   0.2781645455337247 
0.4094046948151893   0.2864113662101417 
0.4035978330736151   0.2945437224943795 
0.3976294260448991   0.3025583583834792 
0.3915018602965347   0.3104520649775653 
0.3852175861270911   0.3182216817646019 
0.3787791165850684   0.3258640978857562 
0.3721890264626422   0.3333762533808704 
0.3654499512646973   0.3407551404135414 
0.3585645861535671   0.3479978044753186 
0.3515356848698992   0.3551013455685390 
0.3443660586300796   0.3620629193673233 
0.3370585750006593   0.3688797383562763 
0.3296161567502345   0.3755490729464257 
0.3220417806792345   0.3820682525679627 
0.3143384764280949   0.3884346667393428 
0.3065093252642866   0.3946457661123185 
0.2985574588486896   0.4006990634924898 
0.2904860579818065   0.4065921348349616 
0.2822983513303136   0.4123226202147099 
0.2739976141344655   0.4178882247712715 
0.2655871668968661   0.4232867196273765 
0.2570703740531327   0.4285159427811580 
0.2484506426249879   0.4335737999715827 
0.2397314208563139   0.4384582655167559 
0.2309161968327194   0.4431673831247658 
0.2220084970851707   0.4476992666767428 
0.2130118851782449   0.4520521009818213 
0.2039299602835722   0.4562241425037045 
