1.0000000000000000   0.0000000000000000 
0.9755883768170293   0.0195143695216639 
0.9522642729906422   0.0381108989007899 
0.9299083980332017   0.0558615538402458 
0.9084181727018448   0.0728288884423955 
0.8877049247927062   0.0890675825377158 
0.8676916374484689   0.1046256825473287 
0.8483111259365399   0.1195456114153948 
0.8295045498877331   0.1338649969382864 
0.8112201905075661   0.1476173560145622 
0.7934124388103062   0.1608326636442598 
0.7760409532023216   0.1735378290299116 
0.7590699539469111   0.1857570962595090 
0.7424676290112177   0.1975123833514090 
0.7262056311176015   0.2088235706060486 
0.7102586499198850   0.2197087470190117 
0.6946040464052536   0.2301844218045837 
0.6792215391089791   0.2402657067413382 
0.6640929336864346   0.2499664739948936 
0.6492018889377861   0.2592994932332163 
0.6345337136172857   0.2682765511781308 
0.6200751893507520   0.2769085561962671 
0.6058144157845718   0.2852056300954442 
0.5917406747379065   0.2931771889368670 
0.5778443106580983   0.3008320143828276 
0.5641166251117948   0.3081783168608491 
0.5505497834000660   0.3152237916282006 
0.5371367316796570   0.3219756686574672 
0.5238711232163116   0.3284407571280009 
0.5107472525991268   0.3346254851945712 
0.4977599969146341   0.3405359356093473 
0.4849047630217589   0.3461778776931970 
0.4721774401887257   0.3515567960846227 
0.4595743574543207   0.3566779166372666 
0.4470922451618278   0.3615462297881392 
0.4347282001869895   0.3661665116771275 
0.4224796544436384   0.3705433432627264 
0.4103443463039282   0.3746811276484011 
0.3983202946157952   0.3785841058077107 
0.3864057750395821   0.3822563708736519 
0.3745992984596485   0.3857018811380701 
0.3628995912560902   0.3889244718899876 
0.3513055772470728   0.3919278662069178 
0.3398163611343314   0.3947156848003620 
0.3284312133035856   0.3972914550054374 
0.3171495558483617   0.3996586189947521 
0.3059709497003525   0.4018205412880133 
0.2948950827622718   0.4037805156212720 
0.2839217589504167   0.4055417712330345 
0.2730508880640544   0.4071074786185786 
0.2622824764074704   0.4084807547986109 
0.2516166180982231   0.4096646681437876 
0.2410534870019492   0.4106622427925369 
0.2305933292401127   0.4114764626959903 
0.2202364562224245   0.4121102753205870 
0.2099832381604305   0.4125665950360485 
0.1998340980229933   0.4128483062138308 
0.1897895058981693   0.4129582660588744 
0.1798499737293497   0.4128993071954024 
0.1700160503965494   0.4126742400256687 
0.1602883171164239   0.4122858548789063 
0.1506673831370113   0.4117369239662201 
0.1411538817053680   0.4110302031558320 
0.1317484662882168   0.4101684335818744 
0.1224518070274829   0.4091543430988222 
0.1132645874141745   0.4079906475926795 
0.1041875011654916   0.4066800521591222 
0.0952212492913384   0.4052252521580020 
0.0863665373375743   0.4036289341528681 
0.0776240727944008   0.4018937767434976 
0.0689945626592317   0.4000224512988215 
0.0604787111442633   0.3980176225970614 
0.0520772175197493   0.3958819493794111 
0.0437907740846993   0.3936180848231116 
0.0356200642573704   0.3912286769393650 
0.0275657607785163   0.3887163689011318 
0.0196285240208960   0.3860837993055175 
0.0118090003990372   0.3833336023751201 
0.0041078208737024   0.3804684081024167 
-0.0034744004540881   0.3774908423409976 
-0.0109370676642427   0.3744035268472020 
-0.0182796042584182   0.3712090792754805 
-0.0255014543245806   0.3679101131305974 
-0.0326020836291283   0.3645092376795903 
-0.0395809806401308   0.3610090578262217 
-0.0464376574849964   0.3574121739504955 
-0.0531716508456569   0.3537211817156482 
-0.0597825227941524   0.3499386718448944 
-0.0662698615713121   0.3460672298700594 
-0.0726332823110507   0.3421094358541243 
-0.0788724277126441   0.3380678640895790 
-0.0849869686631961   0.3339450827743876 
-0.0909766048123750   0.3297436536672629 
-0.0968410651013745   0.3254661317238583 
-0.1025801082479339   0.3211150647153987 
-0.1081935231891512   0.3166929928311966 
-0.1136811294837180   0.3122024482664174 
-0.1190427776751204   0.3076459547963959 
-0.1242783496172593   0.3030260273387390 
-0.1293877587638728   0.2983451715043837 
-0.1343709504230638   0.2936058831387315 
-0.1392279019781739   0.2888106478539180 
-0.1439586230761824   0.2839619405532303 
-0.1485631557847499   0.2790622249486400 
-0.1530415747189730   0.2741139530723666 
-0.1573939871388705   0.2691195647833546 
-0.1616205330185712   0.2640814872694998 
-0.1657213850881326   0.2590021345464267 
-0.1696967488488828   0.2538839069535810 
-0.1735468625631373   0.2487291906483731 
-0.1772719972191099   0.2435403570990667 
-0.1808724564718065   0.2383197625770885 
-0.1843485765606571   0.2330697476493956 
-0.1877007262046202   0.2277926366715183 
-0.1909293064754622   0.2224907372818627 
-0.1940347506498916   0.2171663398978390 
-0.1970175240412092   0.2118217172143541 
-0.1998781238111112   0.2064591237051860 
-0.2026170787622634   0.2010807951277335 
-0.2052349491122460   0.1956889480316196 
-0.2077323262494560   0.1902857792716002 
-0.2101098324715300   0.1848734655252152 
-0.2123681207068438   0.1794541628155992 
-0.2145078742196263   0.1740300060398544 
-0.2165298062992140   0.1686031085033626 
-0.2184346599339587   0.1631755614604109 
-0.2202232074702921   0.1577494336614768 
-0.2218962502574379   0.1523267709075088 
-0.2234546182782517   0.1469095956115271 
-0.2248991697666637   0.1414999063678479 
-0.2262307908121806   0.1360996775292249 
-0.2274503949519077   0.1307108587921906 
-0.2285589227505324   0.1253353747908602 
-0.2295573413687092   0.1199751246994560 
-0.2304466441202762   0.1146319818437910 
-0.2312278500187284   0.1093077933219454 
-0.2319020033133655   0.1040043796343522 
-0.2324701730155217   0.0987235343235001 
-0.2329334524152892   0.0934670236234496 
-0.2332929585891282   0.0882365861193494 
-0.2335498318987616   0.0830339324171261 
-0.2337052354817416   0.0778607448235149 
-0.2337603547340705   0.0727186770365841 
-0.2337163967852570   0.0676093538469009 
-0.2335745899661788   0.0625343708494720 
-0.2333361832701210   0.0574952941665882 
-0.2330024458073579   0.0524936601816887 
-0.2325746662536333   0.0475309752843537 
-0.2320541522928999   0.0426087156265269 
-0.2314422300546652   0.0377283268900565 
-0.2307402435462952   0.0328912240656405 
-0.2299495540806161   0.0280987912432486 
-0.2290715396991554   0.0233523814140889 
-0.2281075945913576   0.0186533162841776 
-0.2270591285101041   0.0140028860995630 
-0.2259275661838685   0.0094023494832467 
-0.2247143467258275   0.0048529332838389 
-0.2234209230402506   0.0003558324359760 
-0.2220487612264819   -0.0040877901674783 
-0.2205993399808295   -0.0084768037914325 
-0.2190741499966690   -0.0128101099627618 
-0.2174746933630667   -0.0170866425626949 
-0.2158024829622245   -0.0213053679073994 
-0.2140590418660429   -0.0254652848167785 
-0.2122459027320966   -0.0295654246714975 
-0.2103646071993129   -0.0336048514582641 
-0.2084167052836367   -0.0375826618033948 
-0.2064037547739689   -0.0414979849947037 
-0.2043273206286525   -0.0453499829917565 
-0.2021889743727837   -0.0491378504245389 
-0.1999902934966170   -0.0528608145805933 
-0.1977328608553343   -0.0565181353806843 
-0.1954182640704372   -0.0601091053430572 
-0.1930480949330252   -0.0636330495363619 
-0.1906239488092129   -0.0670893255213157 
-0.1881474240479387   -0.0704773232811886 
-0.1856201213914115   -0.0737964651411946 
-0.1830436433884389   -0.0770462056768813 
-0.1804195938108770   -0.0802260316116123 
-0.1777495770734361   -0.0833354617032436 
-0.1750351976570718   -0.0863740466200975 
-0.1722780595361933   -0.0893413688063440 
-0.1694797656099054   -0.0922370423369024 
-0.1666419171375080   -0.0950607127619814 
-0.1637661131784640   -0.0978120569413784 
-0.1608539500370483   -0.1004907828686646 
-0.1579070207118810   -0.1030966294853848 
-0.1549269143505493   -0.1056293664854052 
-0.1519152157095132   -0.1080887941095468 
-0.1488735046194892   -0.1104747429306431 
-0.1458033554564991   -0.1127870736291682 
-0.1427063366187697   -0.1150256767595810 
-0.1395840100096629   -0.1171904725075365 
-0.1364379305268100   -0.1192814104381171 
-0.1332696455576229   -0.1212984692352417 
-0.1300806944813478   -0.1232416564324102 
-0.1268726081778235   -0.1251110081349471 
-0.1236469085431019   -0.1269065887339091 
-0.1204051080120828   -0.1286284906118220 
-0.1171487090883137   -0.1302768338404207 
-0.1138792038810953   -0.1318517658705602 
-0.1105980736500347   -0.1333534612144752 
-0.1073067883571805   -0.1347821211205650 
-0.1040068062268686   -0.1361379732408791 
-0.1006995733134067   -0.1374212712914894 
-0.0973865230767167   -0.1386322947059271 
-0.0940690759660530   -0.1397713482818697 
-0.0907486390119074   -0.1408387618212670 
-0.0874266054262095   -0.1418348897640881 
-0.0841043542109240   -0.1427601108158833 
-0.0807832497751440   -0.1436148275693483 
-0.0774646415607738   -0.1443994661200836 
-0.0741498636768912   -0.1451144756767394 
-0.0708402345428717   -0.1457603281657436 
-0.0675370565403579   -0.1463375178308026 
-0.0642416156741467   -0.1468465608273749 
-0.0609551812420668   -0.1472879948123094 
-0.0576790055139135   -0.1476623785288495 
-0.0544143234195017   -0.1479702913871964 
-0.0511623522458946   -0.1482123330408307 
-0.0479242913438634   -0.1483891229587924 
-0.0447013218436237   -0.1485012999941150 
-0.0414946063798948   -0.1485495219486141 
-0.0383052888263221   -0.1485344651342262 
-0.0351344940392964   -0.1484568239311013 
-0.0319833276112026   -0.1483173103426434 
-0.0288528756331255   -0.1481166535476994 
-0.0257442044670324   -0.1478555994500938 
-0.0226583605274547   -0.1475349102257075 
-0.0195963700726798   -0.1471553638672967 
-0.0165592390054641   -0.1467177537272518 
-0.0135479526832738   -0.1462228880584863 
-0.0105634757380537   -0.1456715895536597 
-0.0076067519055230   -0.1450646948829210 
-0.0046787038639911   -0.1444030542303711 
-0.0017802330826826   -0.1436875308294364 
0.0010877803204421   -0.1429190004973444 
0.0039244777113888   -0.1420983511688927 
0.0067290220633778   -0.1412264824297012 
0.0095005980706617   -0.1403043050491352 
0.0122384122529459   -0.1393327405130877 
0.0149416930504417   -0.1383127205568048 
0.0176096909095923   -0.1372451866979394 
0.0202416783595103   -0.1361310897700169 
0.0228369500791730   -0.1349713894564917 
0.0253948229554209   -0.1337670538255762 
0.0279146361318140   -0.1325190588660184 
0.0303957510483982   -0.1312283880240050 
0.0328375514724408   -0.1298960317413630 
0.0352394435201982   -0.1285229869952350 
0.0376008556697771   -0.1271102568393927 
0.0399212387651621   -0.1256588499473634 
0.0422000660114754   -0.1241697801575307 
0.0444368329615482   -0.1226440660203761 
0.0466310574938771   -0.1210827303480217 
0.0487822797820481   -0.1194867997662345 
0.0508900622557102   -0.1178573042690490 
0.0529539895531855   -0.1161952767761640 
0.0549736684658041   -0.1145017526932639 
0.0569487278740557   -0.1127777694754181 
0.0588788186756522   -0.1110243661937019 
0.0607636137055972   -0.1092425831051877 
0.0626028076483638   -0.1074334612264465 
0.0643961169422802   -0.1055980419107014 
0.0661432796762294   -0.1037373664287689 
0.0678440554787679   -0.1018524755539229 
0.0694982253997738   -0.0999444091508149 
0.0711055917847341   -0.0980142057685762 
0.0726659781417856   -0.0960629022382325 
0.0741792290016235   -0.0940915332745510 
0.0756452097703957   -0.0921011310824419 
0.0770638065757028   -0.0900927249680333 
0.0784349261058227   -0.0880673409545318 
0.0797584954422849   -0.0860260014029840 
0.0810344618859187   -0.0839697246380443 
0.0822627927765001   -0.0818995245788586 
0.0834434753061274   -0.0798164103751645 
0.0845765163264539   -0.0777213860487088 
0.0856619421499078   -0.0756154501400796 
0.0866997983450340   -0.0734995953610475 
0.0876901495260884   -0.0713748082525048 
0.0886330791370218   -0.0692420688480927 
0.0895286892299887   -0.0671023503436006 
0.0903771002385179   -0.0649566187722192 
0.0911784507454832   -0.0628058326857249 
0.0919328972460141   -0.0606509428416733 
0.0926406139054855   -0.0584928918966719 
0.0933017923127281   -0.0563326141058025 
0.0939166412286007   -0.0541710350282594 
0.0944853863300680   -0.0520090712392658 
0.0950082699499247   -0.0498476300483284 
0.0954855508123121   -0.0476876092238880 
0.0959175037641696   -0.0455298967244186 
0.0963044195027662   -0.0433753704360250 
0.0966466042994578   -0.0412248979165892 
0.0969443797198138   -0.0390793361465057 
0.0971980823402599   -0.0369395312860507 
0.0974080634613830   -0.0348063184394214 
0.0975746888180430   -0.0326805214254808 
0.0976983382864377   -0.0305629525552398 
0.0977794055882675   -0.0284544124161062 
0.0978182979921446   -0.0263556896629264 
0.0978154360123935   -0.0242675608158416 
0.0977712531053864   -0.0221907900649796 
0.0976861953635619   -0.0201261290819991 
0.0975607212072687   -0.0180743168384993 
0.0973953010745808   -0.0160360794313070 
0.0971904171092276   -0.0140121299146485 
0.0969465628467830   -0.0120031681392116 
0.0966642428992563   -0.0100098805981003 
0.0963439726382278   -0.0080329402796809 
0.0959862778766697   -0.0060730065273167 
0.0955916945495961   -0.0041307249059851 
0.0951607683936794   -0.0022067270757669 
0.0946940546259747   -0.0003016306721981 
0.0941921176218911   0.0015839608065329 
0.0936555305925458   0.0034494581055572 
0.0930848752616396   0.0052942863124884 
0.0924807415419898   0.0071178849497985 
0.0918437272118532   0.0089197080604311 
0.0911744375911755   0.0106992242866806 
0.0904734852178976   0.0124559169423669 
0.0897414895244506   0.0141892840783392 
0.0889790765145711   0.0158988385413422 
0.0881868784405625   0.0175841080262849 
0.0873655334811323   0.0192446351219496 
0.0865156854199311   0.0208799773501849 
0.0856379833249161   0.0224897071986261 
0.0847330812286649   0.0240734121469916 
0.0838016378097588   0.0256306946870029 
0.0828443160753574   0.0271611723359796 
0.0818617830450825   0.0286644776441646 
0.0808547094363283   0.0301402581958321 
0.0798237693511127   0.0315881766042393 
0.0787696399645844   0.0330079105004792 
0.0776930012152960   0.0343991525162964 
0.0765945354973560   0.0357616102609312 
0.0754749273545644   0.0370950062920545 
0.0743348631766424   0.0383990780808646 
0.0731750308976578   0.0396735779714107 
0.0719961196967507   0.0409182731342182 
0.0707988197012602   0.0421329455142853 
0.0695838216923505   0.0433173917735263 
0.0683518168132351   0.0444714232277384 
0.0671034962800919   0.0455948657781674 
0.0658395510957653   0.0466875598377529 
0.0645606717663440   0.0477493602521331 
0.0632675480207050   0.0487801362154910 
0.0619608685331108   0.0497797711813244 
0.0606413206489446   0.0507481627682267 
0.0593095901136666   0.0516852226607611 
0.0579663608050722   0.0525908765055185 
0.0566123144689315   0.0534650638024450 
0.0552481304580853   0.0543077377915303 
0.0538744854750742   0.0551188653349468 
0.0524920533183711   0.0558984267947298 
0.0511015046322892   0.0566464159060946 
0.0497035066606317   0.0573628396464806 
0.0482987230041504   0.0580477181004191 
0.0468878133818767   0.0587010843203197 
0.0454714333963860   0.0593229841832708 
0.0440502343030547   0.0599134762439515 
0.0426248627833677   0.0604726315837537 
0.0411959607223305   0.0610005336562101 
0.0397641649900387   0.0614972781288300 
0.0383301072274557   0.0619629727214397 
0.0368944136364465   0.0623977370411297 
0.0354577047741135   0.0628017024139081 
0.0340205953514783   0.0631750117131607 
0.0325836940365514   0.0635178191850206 
0.0311476032618285   0.0638302902707478 
0.0297129190362504   0.0641126014262200 
0.0282802307616634   0.0643649399386398 
0.0268501210538101   0.0645875037405568 
0.0254231655678830   0.0647805012213105 
0.0239999328286698   0.0649441510359941 
0.0225809840653140   0.0650786819120439 
0.0211668730507186   0.0651843324535559 
0.0197581459456110   0.0652613509434324 
0.0183553411472920   0.0653099951434620 
0.0169589891430846   0.0653305320924351 
0.0155696123684988   0.0653232379023970 
0.0141877250701257   0.0652883975531410 
0.0128138331732722   0.0652263046850450 
0.0114484341543461   0.0651372613903503 
0.0100920169179972   0.0650215780029865 
0.0087450616790216   0.0648795728870436 
0.0074080398490308   0.0647115722239898 
0.0060814139278868   0.0645179097987377 
0.0047656373999036   0.0642989267846575 
0.0034611546348100   0.0640549715276362 
0.0021684007934711   0.0637863993292830 
0.0008878017383604   0.0634935722293766 
-0.0003802260512261   0.0631768587876548 
-0.0016352755592240   0.0628366338650418 
-0.0028769493081352   0.0624732784044086 
-0.0041048594296581   0.0620871792109640 
-0.0053186277306290   0.0616787287323694 
-0.0065178857542921   0.0612483248386724 
-0.0077022748369195   0.0607963706021512 
-0.0088714461598003   0.0603232740771635 
-0.0100250607966242   0.0598294480800900 
-0.0111627897562832   0.0593153099694641 
-0.0122843140211179   0.0587812814263768 
-0.0133893245806376   0.0582277882352452 
-0.0144775224607431   0.0576552600650331 
-0.0155486187484840   0.0570641302510094 
-0.0166023346123830   0.0564548355771306 
-0.0176384013183631   0.0558278160591306 
-0.0186565602413117   0.0551835147284033 
-0.0196565628723204   0.0545223774167580 
-0.0206381708216401   0.0538448525421304 
-0.0216011558173894   0.0531513908953277 
-0.0225452997000603   0.0524424454278883 
-0.0234703944128641   0.0517184710411313 
-0.0243762419879595   0.0509799243764745 
-0.0252626545286128   0.0502272636070943 
-0.0261294541873327   0.0494609482310012 
-0.0269764731400317   0.0486814388656050 
-0.0278035535562609   0.0478891970438386 
-0.0286105475655701   0.0470846850119119 
-0.0293973172200443   0.0462683655287633 
-0.0301637344530705   0.0454407016672763 
-0.0309096810343869   0.0446021566173267 
-0.0316350485214711   0.0437531934907251 
-0.0323397382073218   0.0428942751281165 
-0.0330236610646928   0.0420258639079005 
-0.0336867376868348   0.0411484215572292 
-0.0343288982248054   0.0402624089651448 
-0.0349500823214068   0.0393682859979114 
-0.0355502390418104   0.0384665113165968 
-0.0361293268009313   0.0375575421969612 
-0.0366873132876132   0.0366418343517018 
-0.0372241753856873   0.0357198417551069 
-0.0377398990919687   0.0347920164701688 
-0.0382344794312540   0.0338588084782029 
-0.0387079203683847   0.0329206655110206 
-0.0391602347174430   0.0319780328857010 
-0.0395914440481440   0.0310313533420042 
-0.0400015785894928   0.0300810668824697 
-0.0403906771307721   0.0291276106152391 
-0.0407587869199282   0.0281714185996434 
-0.0411059635594230   0.0272129216945915 
-0.0414322708996216   0.0262525474097959 
-0.0417377809297819   0.0252907197598714 
-0.0420225736667172   0.0243278591213375 
-0.0422867370412000   0.0233643820925577 
-0.0425303667821777   0.0224007013566448 
-0.0427535662988683   0.0214372255473604 
-0.0429564465608076   0.0204743591180361 
-0.0431391259759181   0.0195125022135405 
-0.0433017302666689   0.0185520505453168 
-0.0434443923443983   0.0175933952695129 
-0.0435672521818686   0.0166369228682241 
-0.0436704566841249   0.0156830150338691 
-0.0437541595577276   0.0147320485567147 
-0.0438185211784296   0.0137843952155681 
-0.0438637084573688   0.0128404216716492 
-0.0438898947058471   0.0119004893656579 
-0.0438972594987649   0.0109649544180465 
-0.0438859885367831   0.0100341675325098 
-0.0438562735072818   0.0091084739026986 
-0.0438083119441856   0.0081882131221678 
-0.0437423070867264   0.0072737190975619 
-0.0436584677372125   0.0063653199650441 
-0.0435570081178725   0.0054633380099721 
-0.0434381477268457   0.0045680895898218 
-0.0433021111933839   0.0036798850603599 
-0.0431491281323374   0.0027990287050643 
-0.0429794329979891   0.0019258186677895 
-0.0427932649373068   0.0010605468886745 
-0.0425908676426810   0.0002034990432866 
-0.0423724892042134   -0.0006450455150036 
-0.0421383819616235   -0.0014848138094242 
-0.0418888023558395   -0.0023155392909907 
-0.0416240107803376   -0.0031369618864898 
-0.0413442714322959   -0.0039488280432710 
-0.0410498521636262   -0.0047508907708584 
-0.0407410243319472   -0.0055429096793955 
-0.0404180626515634   -0.0063246510149400 
-0.0400812450445110   -0.0070958876916220 
-0.0397308524917327   -0.0078563993206863 
-0.0393671688844437   -0.0086059722364336 
-0.0389904808757477   -0.0093443995190838 
-0.0386010777325639   -0.0100714810145790 
-0.0381992511879242   -0.0107870233513499 
-0.0377852952936977   -0.0114908399540682 
-0.0373595062738012   -0.0121827510544082 
-0.0369221823779526   -0.0128625836988427 
-0.0364736237360224   -0.0135301717534999 
-0.0360141322130389   -0.0141853559061071 
-0.0355440112649025   -0.0148279836650500 
-0.0350635657948605   -0.0154579093555752 
-0.0345731020107981   -0.0160749941131675 
-0.0340729272833947   -0.0166791058741304 
-0.0335633500051980   -0.0172701193634035 
-0.0330446794506663   -0.0178479160796465 
-0.0325172256372276   -0.0184123842776262 
-0.0319812991874033   -0.0189634189479379 
-0.0314372111920456   -0.0195009217940964 
-0.0308852730747331   -0.0200248012070339 
-0.0303257964573722   -0.0205349722370386 
-0.0297590930270473   -0.0210313565631726 
-0.0291854744041633   -0.0215138824602068 
-0.0286052520119253   -0.0219824847631101 
-0.0280187369471938   -0.0224371048291330 
-0.0274262398527597   -0.0228776904975246 
-0.0268280707910752   -0.0233041960469237 
-0.0262245391194824   -0.0237165821504645 
-0.0256159533669756   -0.0241148158286390 
-0.0250026211125340   -0.0244988703999562 
-0.0243848488650613   -0.0248687254294438 
-0.0237629419449657   -0.0252243666750312 
-0.0231372043674155   -0.0255657860318618 
-0.0225079387273005   -0.0258929814745740 
-0.0218754460859335   -0.0262059569975985 
-0.0212400258595200   -0.0265047225535156 
-0.0206019757094269   -0.0267892939895163 
-0.0199615914342783   -0.0270596929820145 
-0.0193191668639053   -0.0273159469694553 
-0.0186749937551769   -0.0275580890833648 
-0.0180293616897362   -0.0277861580776890 
-0.0173825579736677   -0.0280001982564679 
-0.0167348675391165   -0.0282002593998904 
-0.0160865728478841   -0.0283863966887799 
-0.0154379537970198   -0.0285586706275551 
-0.0147892876264287   -0.0287171469657149 
-0.0141408488285152   -0.0288618966178946 
-0.0134929090598796   -0.0289929955825419 
-0.0128457370550849   -0.0291105248592588 
-0.0121995985425094   -0.0292145703648593 
-0.0115547561623005   -0.0293052228481902 
-0.0109114693864422   -0.0293825778037621 
-0.0102699944409512   -0.0294467353842403 
-0.0096305842302106   -0.0294978003118430 
-0.0089934882634541   -0.0295358817886942 
-0.0083589525834096   -0.0295610934061808 
-0.0077272196971106   -0.0295735530533604 
-0.0070985285088836   -0.0295733828244690 
-0.0064731142555180   -0.0295607089255759 
-0.0058512084436241   -0.0295356615804329 
-0.0052330387891842   -0.0294983749355668 
-0.0046188291593001   -0.0294489869646613 
-0.0040087995161405   -0.0293876393722765 
-0.0034031658630898   -0.0293144774969528 
-0.0028021401930986   -0.0292296502137453 
-0.0022059304392373   -0.0291333098362374 
-0.0016147404274500   -0.0290256120180774 
-0.0010287698315088   -0.0289067156540868 
-0.0004482141301641   -0.0287767827809837 
0.0001267354335121   -0.0286359784777696 
0.0006958918905941   -0.0284844707658226 
0.0012590725825882   -0.0283224305087430 
0.0018160991955411   -0.0281500313119960 
0.0023667977919796   -0.0279674494223960 
0.0029109988406876   -0.0277748636274748 
0.0034485372443322   -0.0275724551547801 
0.0039792523649457   -0.0273604075711444 
0.0045029880472755   -0.0271389066819691 
0.0050195926400127   -0.0269081404305651 
0.0055289190149120   -0.0266682987975925 
0.0060308245838151   -0.0264195737006397 
0.0065251713135907   -0.0261621588939840 
0.0070118257390074   -0.0258962498685732 
0.0074906589735520   -0.0256220437522688 
0.0079615467182114   -0.0253397392103902 
0.0084243692682323   -0.0250495363465980 
0.0088790115178774   -0.0247516366041563 
0.0093253629631961   -0.0244462426676102 
0.0097633177028267   -0.0241335583649176 
0.0101927744368505   -0.0238137885700699 
0.0106136364637175   -0.0234871391062401 
0.0110258116752634   -0.0231538166494924 
0.0114292125498396   -0.0228140286330883 
0.0118237561435775   -0.0224679831524247 
0.0122093640798091   -0.0221158888706371 
0.0125859625366672   -0.0217579549249007 
0.0129534822328877   -0.0213943908334628 
0.0133118584118381   -0.0210254064034383 
0.0136610308237972   -0.0206512116393988 
0.0140009437065092   -0.0202720166527876 
0.0143315457640396   -0.0198880315721884 
0.0146527901439564   -0.0194994664544792 
0.0149646344128650   -0.0191065311968991 
0.0152670405303213   -0.0187094354500555 
0.0155599748211518   -0.0183083885319001 
0.0158434079462077   -0.0179035993427001 
0.0161173148715798   -0.0174952762810304 
0.0163816748363041   -0.0170836271608115 
0.0166364713185852   -0.0166688591294192 
0.0168816920005679   -0.0162511785868887 
0.0171173287316845   -0.0158307911062373 
0.0173433774906090   -0.0154079013549267 
0.0175598383458474   -0.0149827130174891 
0.0177667154149934   -0.0145554287193357 
0.0179640168226820   -0.0141262499517699 
0.0181517546572692   -0.0136953769982237 
0.0183299449262708   -0.0132630088617369 
0.0184986075105896   -0.0128293431936974 
0.0186577661175642   -0.0123945762238597 
0.0188074482328692   -0.0119589026916585 
0.0189476850712990   -0.0115225157788344 
0.0190785115264683   -0.0110856070433857 
0.0191999661194587   -0.0106483663548623 
0.0193120909464463   -0.0102109818310149 
0.0194149316253404   -0.0097736397758131 
0.0195085372414664   -0.0093365246188451 
0.0195929602923261   -0.0088998188561098 
0.0196682566314662   -0.0084637029922149 
0.0197344854114883   -0.0080283554839883 
0.0197917090262343   -0.0075939526855153 
0.0198399930521771   -0.0071606687946089 
0.0198794061890514   -0.0067286758007220 
0.0199100201997560   -0.0062981434343106 
0.0199319098495616   -0.0058692391176517 
0.0199451528446541   -0.0054421279171262 
0.0199498297700488   -0.0050169724969694 
0.0199460240269061   -0.0045939330744952 
0.0199338217692816   -0.0041731673767984 
0.0199133118403431   -0.0037548305989385 
0.0198845857080863   -0.0033390753636076 
0.0198477374005820   -0.0029260516822858 
0.0198028634407853   -0.0025159069178837 
0.0197500627809414   -0.0021087857488758 
0.0196894367366159   -0.0017048301349222 
0.0196210889203848   -0.0013041792839809 
0.0195451251752136   -0.0009069696209080 
0.0194616535075564   -0.0005133347575449 
0.0193707840202077   -0.0001234054642911 
0.0192726288449361   0.0002626903568419 
0.0191673020749314   0.0006448276976969 
0.0190549196970949   0.0010228844679627 
0.0189355995242040   0.0013967415176960 
0.0188094611269788   0.0017662826583767 
0.0186766257660841   0.0021313946825052 
0.0185372163240916   0.0024919673817448 
0.0183913572374354   0.0028478935636181 
0.0182391744283868   0.0031990690667642 
0.0180807952370789   0.0035453927747640 
0.0179163483536080   0.0038867666285427 
0.0177459637502395   0.0042230956373576 
0.0175697726137471   0.0045542878883816 
0.0173879072779120   0.0048802545548915 
0.0172005011562081   0.0052009099030718 
0.0170076886747010   0.0055161712974445 
0.0168096052051870   0.0058259592049372 
0.0166063869985966   0.0061301971976001 
0.0163981711186894   0.0064288119539853 
0.0161850953760652   0.0067217332591998 
0.0159672982625151   0.0070088940036468 
0.0157449188857388   0.0072902301804680 
0.0155180969044496   0.0075656808817003 
0.0152869724638929   0.0078351882931632 
0.0150516861317999   0.0080986976880896 
0.0148123788347999   0.0083561574195163 
0.0145691917953134   0.0086075189114497 
0.0143222664689472   0.0088527366488217 
0.0140717444824143   0.0090917681662538 
0.0138177675719981   0.0093245740356436 
0.0135604775225828   0.0095511178525932 
0.0133000161072690   0.0097713662216947 
0.0130365250275954   0.0099852887406909 
0.0127701458543839   0.0101928579835305 
0.0125010199692300   0.0103940494823334 
0.0122292885066528   0.0105888417082865 
0.0119550922969265   0.0107772160514882 
0.0116785718096078   0.0109591567997601 
0.0113998670977770   0.0111346511164454 
0.0111191177430110   0.0113036890172141 
0.0108364628011007   0.0114662633458928 
0.0105520407485314   0.0116223697493416 
0.0102659894297406   0.0117720066513961 
0.0099784460051657   0.0119151752258953 
0.0096895469000986   0.0120518793688163 
0.0093994277543592   0.0121821256695367 
0.0091082233728005   0.0123059233812443 
0.0088160676766596   0.0124232843905159 
0.0085230936557649   0.0125342231860868 
0.0082294333216127   0.0126387568268307 
0.0079352176613232   0.0127369049089730 
0.0076405765924877   0.0128286895325580 
0.0073456389189159   0.0129141352671917 
0.0070505322872946   0.0129932691170825 
0.0067553831447660   0.0130661204854003 
0.0064603166974341   0.0131327211379772 
0.0061654568698091   0.0131931051663707 
0.0058709262651955   0.0132473089503119 
0.0055768461270332   0.0132953711195601 
0.0052833363011967   0.0133373325151869 
0.0049905151992609   0.0133732361503101 
0.0046984997627367   0.0134031271703014 
0.0044074054282847   0.0134270528124880 
0.0041173460939101   0.0134450623653723 
0.0038284340861435   0.0134572071273897 
0.0035407801282129   0.0134635403652273 
0.0032544933092091   0.0134641172717265 
0.0029696810542481   0.0134589949233891 
0.0026864490956337   0.0134482322375117 
0.0024049014450222   0.0134318899289669 
0.0021251403665903   0.0134100304666566 
0.0018472663512086   0.0133827180296558 
0.0015713780916220   0.0133500184630711 
0.0012975724586349   0.0133119992336337 
0.0010259444783053   0.0132687293850487 
0.0007565873101431   0.0132202794931227 
0.0004895922263157   0.0131667216206901 
0.0002250485918564   0.0131081292723592 
-0.0000369561541232   0.0130445773490994 
-0.0002963365162209   0.0129761421026899 
-0.0005530089595333   0.0129029010900507 
-0.0008068919254497   0.0128249331274764 
-0.0010579058464536   0.0127423182447931 
-0.0013059731599357   0.0126551376394582 
-0.0015510183210228   0.0125634736306238 
-0.0017929678144257   0.0124674096131822 
-0.0020317501653123   0.0123670300118148 
-0.0022672959492096   0.0122624202350626 
-0.0024995378009415   0.0121536666294374 
-0.0027284104226069   0.0120408564335933 
-0.0029538505906055   0.0119240777325775 
-0.0031757971617160   0.0118034194121776 
-0.0033941910782362   0.0116789711133850 
-0.0036089753721896   0.0115508231869928 
-0.0038200951686072   0.0114190666483439 
-0.0040274976878925   0.0112837931322494 
-0.0042311322472770   0.0111450948480937 
-0.0044309502613757   0.0110030645351426 
-0.0046269052418503   0.0108577954180726 
-0.0048189527961893   0.0107093811627372 
-0.0050070506256153   0.0105579158321868 
-0.0051911585221273   0.0104034938429583 
-0.0053712383646897   0.0102462099216496 
-0.0055472541145765   0.0100861590617957 
-0.0057191718098824   0.0099234364810605 
-0.0058869595592104   0.0097581375787599 
-0.0060505875345473   0.0095903578937305 
-0.0062100279633378   0.0094201930625585 
-0.0063652551197690   0.0092477387781828 
-0.0065162453152767   0.0090730907488858 
-0.0066629768882843   0.0088963446576864 
-0.0068054301931887   0.0087175961221465 
-0.0069435875886015   0.0085369406546060 
-0.0070774334248626   0.0083544736228569 
-0.0072069540308337   0.0081702902112708 
-0.0073321376999892   0.0079844853823894 
-0.0074529746758135   0.0077971538389917 
-0.0075694571365205   0.0076083899866480 
-0.0076815791791063   0.0074182878967717 
-0.0077893368027506   0.0072269412701805 
-0.0078927278915786   0.0070344434011765 
-0.0079917521967977   0.0068408871421550 
-0.0080864113182235   0.0066463648687524 
-0.0081767086852068   0.0064509684455430 
-0.0082626495369787   0.0062547891922915 
-0.0083442409024248   0.0060579178507733 
-0.0084214915793054   0.0058604445521673 
-0.0084944121129335   0.0056624587850329 
-0.0085630147743275   0.0054640493638758 
-0.0086273135378511   0.0052653043983124 
-0.0086873240583554   0.0050663112628380 
-0.0087430636478393   0.0048671565672073 
-0.0087945512516398   0.0046679261274320 
-0.0088418074241708   0.0044687049374032 
-0.0088848543042212   0.0042695771411428 
-0.0089237155898308   0.0040706260056909 
-0.0089584165127553   0.0038719338946332 
-0.0089889838125389   0.0036735822422735 
-0.0090154457102056   0.0034756515284562 
-0.0090378318815874   0.0032782212540428 
-0.0090561734303026   0.0030813699170456 
-0.0090705028603988   0.0028851749894237 
-0.0090808540486765   0.0026897128945424 
-0.0090872622167081   0.0024950589853010 
-0.0090897639025664   0.0023012875229302 
-0.0090883969322774   0.0021084716564619 
-0.0090832003910142   0.0019166834028735 
-0.0090742145940430   0.0017259936279084 
-0.0090614810574405   0.0015364720275736 
-0.0090450424685932   0.0013481871103157 
-0.0090249426564959   0.0011612061798770 
-0.0090012265618630   0.0009755953188306 
-0.0089739402070672   0.0007914193727957 
-0.0089431306659199   0.0006087419353331 
-0.0089088460333076   0.0004276253335198 
-0.0088711353946994   0.0002481306142029 
-0.0088300487955385   0.0000703175309310 
-0.0087856372105324   -0.0001057554684371 
-0.0087379525128562   -0.0002800312534493 
-0.0086870474432821   -0.0004524540221029 
-0.0086329755792497   -0.0006229693112161 
-0.0085757913038894   -0.0007915240061306 
-0.0085155497750147   -0.0009580663497473 
-0.0084523068940942   -0.0011225459508986 
-0.0083861192752190   -0.0012849137920593 
-0.0083170442140765   -0.0014451222364008 
-0.0082451396569459   -0.0016031250341913 
-0.0081704641697262   -0.0017588773285459 
-0.0080930769070107   -0.0019123356605301 
-0.0080130375812204   -0.0020634579736229 
-0.0079304064318086   -0.0022122036175411 
-0.0078452441945490   -0.0023585333514323 
-0.0077576120709195   -0.0025024093464398 
-0.0076675716975938   -0.0026437951876447 
-0.0075751851160527   -0.0027826558753920 
-0.0074805147423263   -0.0029189578260038 
-0.0073836233368788   -0.0030526688718883 
-0.0072845739746479   -0.0031837582610478 
-0.0071834300152484   -0.0033121966559939 
-0.0070802550733530   -0.0034379561320752 
-0.0069751129892589   -0.0035610101752246 
-0.0068680677996524   -0.0036813336791323 
-0.0067591837085816   -0.0037989029418523 
-0.0066485250586459   -0.0039136956618484 
-0.0065361563024154   -0.0040256909334880 
-0.0064221419740864   -0.0041348692419903 
-0.0063065466613856   -0.0042412124578366 
-0.0061894349777305   -0.0043447038306515 
-0.0060708715346563   -0.0044453279825605 
-0.0059509209145176   -0.0045430709010347 
-0.0058296476434742   -0.0046379199312286 
-0.0057071161647697   -0.0047298637678209 
-0.0055833908123101   -0.0048188924463654 
-0.0054585357845527   -0.0049049973341611 
-0.0053326151187110   -0.0049881711206503 
-0.0052056926652853   -0.0050684078073534 
-0.0050778320629244   -0.0051457026973489 
-0.0049490967136285   -0.0052200523843075 
-0.0048195497582977   -0.0052914547410907 
-0.0046892540526343   -0.0053599089079206 
-0.0045582721434063   -0.0054254152801329 
-0.0044266662450763   -0.0054879754955203 
-0.0042944982168047   -0.0055475924212769 
-0.0041618295398308   -0.0056042701405526 
-0.0040287212952396   -0.0056580139386271 
-0.0038952341421185   -0.0057088302887137 
-0.0037614282961100   -0.0057567268374013 
-0.0036273635083647   -0.0058017123897460 
-0.0034930990449008   -0.0058437968940206 
-0.0033586936663738   -0.0058829914261329 
-0.0032242056082607   -0.0059193081737220 
-0.0030896925614642   -0.0059527604199431 
-0.0029552116533393   -0.0059833625269503 
-0.0028208194291473   -0.0060111299190874 
-0.0026865718339409   -0.0060360790657971 
-0.0025525241948820   -0.0060582274642582 
-0.0024187312039981   -0.0060775936217614 
-0.0022852469013778   -0.0060941970378329 
-0.0021521246588095   -0.0061080581861164 
-0.0020194171638657   -0.0061191984960241 
-0.0018871764044339   -0.0061276403341654 
-0.0017554536536988   -0.0061334069855645 
-0.0016242994555747   -0.0061365226346767 
-0.0014937636105916   -0.0061370123462132 
-0.0013638951622366   -0.0061349020457840 
-0.0012347423837505   -0.0061302185003704 
-0.0011063527653813   -0.0061229892986352 
-0.0009787730020969   -0.0061132428310820 
-0.0008520489817543   -0.0061010082700722 
-0.0007262257737297   -0.0060863155497110 
-0.0006013476180063   -0.0060691953456107 
-0.0004774579147220   -0.0060496790545429 
-0.0003545992141763   -0.0060277987739869 
-0.0002328132072955   -0.0060035872815864 
-0.0001121407165567   -0.0059770780145225 
0.0000073783126318   -0.0059483050488130 
0.0001257048200920   -0.0059173030785482 
0.0002428006385837   -0.0058841073950711 
0.0003586285010564   -0.0058487538661128 
0.0004731520474500   -0.0058112789148917 
0.0005863358310426   -0.0057717194991854 
0.0006981453243508   -0.0057301130903856 
0.0008085469245810   -0.0056864976525434 
0.0009175079586365   -0.0056409116214152 
0.0010249966876815   -0.0055933938835176 
0.0011309823112644   -0.0055439837552003 
0.0012354349710038   -0.0054927209617448 
0.0013383257538391   -0.0054396456164990 
0.0014396266948489   -0.0053847982000549 
0.0015393107796414   -0.0053282195394782 
0.0016373519463181   -0.0052699507875978 
0.0017337250870155   -0.0052100334023644 
0.0018284060490286   -0.0051485091262848 
0.0019213716355189   -0.0050854199659405 
0.0020125996058111   -0.0050208081715987 
0.0021020686752830   -0.0049547162169233 
0.0021897585148518   -0.0048871867787927 
0.0022756497500621   -0.0048182627172329 
0.0023597239597784   -0.0047479870554729 
0.0024419636744889   -0.0046764029601292 
0.0025223523742221   -0.0046035537215271 
0.0026008744860843   -0.0045294827341655 
0.0026775153814202   -0.0044542334773315 
0.0027522613726025   -0.0043778494958730 
0.0028250997094562   -0.0043003743811338 
0.0028960185753214   -0.0042218517520598 
0.0029650070827609   -0.0041423252364803 
0.0030320552689178   -0.0040618384525730 
0.0030971540905279   -0.0039804349905167 
0.0031602954185934   -0.0038981583943387 
0.0032214720327225   -0.0038150521439622 
0.0032806776151414   -0.0037311596374596 
0.0033379067443847   -0.0036465241735164 
0.0033931548886684   -0.0035611889341130 
0.0034464183989543   -0.0034751969674263 
0.0034976945017083   -0.0033885911709591 
0.0035469812913624   -0.0033014142749015 
0.0035942777224832   -0.0032137088257271 
0.0036395836016556   -0.0031255171700315 
0.0036828995790866   -0.0030368814386155 
0.0037242271399359   -0.0029478435308177 
0.0037635685953801   -0.0028584450991016 
0.0038009270734160   -0.0027687275338995 
0.0038363065094103   -0.0026787319487188 
0.0038697116364021   -0.0025884991655131 
0.0039011479751645   -0.0024980697003223 
0.0039306218240317   -0.0024074837491849 
0.0039581402484991   -0.0023167811743257 
0.0039837110706021   -0.0022260014906222 
0.0040073428580808   -0.0021351838523527 
0.0040290449133371   -0.0020443670402279 
0.0040488272621913   -0.0019535894487106 
0.0040667006424445   -0.0018628890736242 
0.0040826764922537   -0.0017723035000533 
0.0040967669383265   -0.0016818698905379 
0.0041089847839423   -0.0015916249735645 
0.0041193434968064   -0.0015016050323548 
0.0041278571967437   -0.0014118458939539 
0.0041345406432400   -0.0013223829186209 
0.0041394092228358   -0.0012332509895210 
0.0041424789363812   -0.0011444845027237 
0.0041437663861572   -0.0010561173575048 
0.0041432887628713   -0.0009681829469561 
0.0041410638325333   -0.0008807141489016 
0.0041371099232191   -0.0007937433171231 
0.0041314459117276   -0.0007073022728937 
0.0041240912101390   -0.0006214222968212 
0.0041150657522804   -0.0005361341210009 
0.0041043899801052   -0.0004514679214791 
0.0040920848299936   -0.0003674533110257 
0.0040781717189798   -0.0002841193322178 
0.0040626725309134   -0.0002014944508330 
0.0040456096025613   -0.0001196065495515 
0.0040270057096553   -0.0000384829219689 
0.0040068840528946   0.0000418497330838 
0.0039852682439063   0.0001213653169112 
0.0039621822911727   0.0002000383360175 
0.0039376505859307   0.0002778439068649 
0.0039116978880494   0.0003547577603258 
0.0038843493118927   0.0004307562458312 
0.0038556303121721   0.0005058163352169 
0.0038255666697973   0.0005799156262671 
0.0037941844777286   0.0006530323459591 
0.0037615101268387   0.0007251453534094 
0.0037275702917893   0.0007962341425224 
0.0036923919169277   0.0008662788443459 
0.0036560022022104   0.0009352602291320 
0.0036184285891581   0.0010031597081087 
0.0035796987468483   0.0010699593349617 
0.0035398405579516   0.0011356418070309 
0.0034988821048162   0.0012001904662215 
0.0034568516556062   0.0012635892996348 
0.0034137776505001   0.0013258229399191 
0.0033696886879527   0.0013868766653443 
0.0033246135110278   0.0014467363996030 
0.0032785809938053   0.0015053887113406 
0.0032316201278681   0.0015628208134166 
0.0031837600088739   0.0016190205619025 
0.0031350298232164   0.0016739764548159 
0.0030854588347816   0.0017276776305969 
0.0030350763718015   0.0017801138663286 
0.0029839118138134   0.0018312755757047 
0.0029319945787258   0.0018811538067494 
0.0028793541099972   0.0019297402392902 
0.0028260198639319   0.0019770271821899 
0.0027720212970964   0.0020230075703394 
0.0027173878538613   0.0020676749614166 
0.0026621489540718   0.0021110235324131 
0.0026063339808518   0.0021530480759341 
0.0025499722685444   0.0021937439962752 
0.0024930930907934   0.0022331073052791 
0.0024357256487688   0.0022711346179765 
0.0023778990595401   0.0023078231480158 
0.0023196423446012   0.0023431707028847 
0.0022609844185492   0.0023771756789287 
0.0022019540779219   0.0024098370561698 
0.0021425799901955   0.0024411543929299 
0.0020828906829470   0.0024711278202635 
0.0020229145331829   0.0024997580362035 
0.0019626797568387   0.0025270462998243 
0.0019022143984497   0.0025529944251269 
0.0018415463209985   0.0025776047747503 
0.0017807031959391   0.0026008802535131 
0.0017197124934016   0.0026228243017909 
0.0016586014725802   0.0026434408887318 
0.0015973971723047   0.0026627345053174 
0.0015361264018003   0.0026807101572708 
0.0014748157316356   0.0026973733578186 
0.0014134914848618   0.0027127301203092 
0.0013521797283447   0.0027267869506944 
0.0012909062642917   0.0027395508398762 
0.0012296966219742   0.0027510292559258 
